[  1   2   3   4   5   6   7   8   9  10  11  12  13  14  15  16  17  18
  19  20  21  22  23  24  25  26  27  28  29  30  31  32  33  34  35  36
  37  38  39  40  41  42  43  44  45  46  47  48  49  50  51  52  53  54
  55  56  57  58  59  60  61  62  63  64  65  66  67  68  69  70  71  72
  73  74  75  76  77  78  79  80  81  82  83  84  85  86  87  88  89  90
  91  92  93  94  95  96  97  98  99 100]

[ 0.       0.90605 11.72504 12.20693 13.10401 15.64802 17.6536  20.99308
 21.23795 21.43036 21.49692 21.63166 21.99499 22.0512  22.27942 22.30515
 22.42498 22.94671 23.77091 24.21959 24.33171 24.41253 24.89356 24.90885
 25.08315 25.19737 25.3568  25.79193 25.82766 25.97029 25.99239 26.39477
 26.61143 26.92371 27.27378 27.4168  27.55455 28.08939 28.73938 28.81553
 28.8963  28.95438 29.02907 29.06213 29.25405 29.66244 29.6684  29.71476
 29.76439 30.13785 30.1667  30.20885 30.23377 30.344   30.47562 30.49089
 30.52089 30.64634 30.76404 30.78801 30.85148 30.88024 30.93007 30.9653
 31.01039 31.02912 31.03504 31.11863 31.24937 31.40418 31.4834  31.55252
 31.64682 31.64934 31.78726 31.83414 31.96399 32.01268 32.05436 32.05757
 32.06296 32.11102 32.12221 32.12914 32.15118 32.15292 32.3127  32.39212
 32.51046 32.53324 32.54682 32.57571 32.66835 32.69361 32.7028  32.76844
 32.79313 32.80719 32.86737 32.93566]

['Sn1', 'Sn1', 'Sn3', 'Sn2', 'Sn1', 'Sn2', 'Sm0', 'Sn3', 'Sn1', 'Sn2', 'Sn1', 'Sn3', 'Sm1', 'Sm1', 'Sn1', 'Sn2', 'Sn2', 'Sm2', 'Sm1', 'Sn1', 'Sm1', 'Sn1', 'Sn3', 'Sn2', 'Sn3', 'Sn1', 'Sm1', 'Sn2', 'Sm2', 'Sn1', 'Sn1', 'Sn1', 'Sm2', 'Sn3', 'Sn2', 'Sm1', 'Sm0', 'Sm2', 'Sn2', 'Sm1', 'Sn2', 'Sn2', 'Sn2', 'Sm0', 'Sm1', 'Sn3', 'Sn3', 'Sn1', 'Sn3', 'Sm0', 'Sm1', 'Sn2', 'Sn2', 'Sn2', 'Sn1', 'Sn2', 'Sm0', 'Sn3', 'Sn2', 'Sm1', 'Sn3', 'Sn2', 'Sn3', 'Sn1', 'Sm2', 'Sn1', 'Sm2', 'Sm1', 'Sn2', 'Sm0', 'Sm1', 'Sm1', 'Sm1', 'Sn1', 'Sn2', 'Sm0', 'Sn1', 'Sn1', 'Sn3', 'Sn1', 'Sn1', 'Sn2', 'Sm0', 'Sn3', 'Sm0', 'Sm1', 'Sn1', 'Sn3', 'Sn1', 'Sm0', 'Sn1', 'Sn1', 'Sn1', 'Sn1', 'Sm1', 'Sn2', 'Sn3', 'Sn3', 'Sm2', 'Sn1']


[ 0.90605 10.81899  0.48189  0.89708  2.54401  5.78234 -1.       0.24487
  1.0672   0.06656  0.13475  0.36333  0.05621  1.71971  2.61414  0.11982
  1.79462  9.7469   0.5608   7.56766  1.02508  1.57986  0.89837  4.80591
  0.11422  4.56702  6.79438  0.17837  1.09605  2.76908  8.19557  0.87901
  0.80538  1.16568  2.39462  0.13775 -1.       1.16467  0.15692  0.2466
  1.31255  0.07469  1.46181 -1.       0.91265  0.47541  1.11961  7.7008
  0.7565  -1.       1.23748  0.67139  0.41257  0.13162  0.45445  1.63826
 -1.       2.43577  0.26508  0.24703  0.79786  1.91289  0.08033  1.58152
  0.10823  3.65856  0.44836  0.43389  0.76331 -1.       0.16342  0.6004
  0.47539  1.45347  0.17673 -1.       0.09037  1.75533  1.20688  0.05345
  4.44639  0.2811  -1.       0.57365 -1.       1.44544  1.43666  0.14112
  7.36214 -1.       7.31561  1.18008  0.56752  1.22673  0.16457  0.64568
  0.18215  0.70849  1.25868  0.4769 ]

[-1.      -1.       5.92856  8.78615 -1.       9.43513 -1.       1.95362
 -1.       0.84906 -1.       7.32272 -1.      -1.      -1.       2.6037
  1.98755 13.94962 -1.      -1.      -1.      -1.       0.9341   7.66686
  1.52828 -1.      -1.       0.60284  2.98787 -1.      -1.      -1.
  6.74821  3.42029  5.66188 -1.      -1.       4.57897  1.4944  -1.
  2.06901  0.70806  6.17155 -1.      -1.       2.65026  2.38917 -1.
  1.08709 -1.      -1.       2.5596   0.53026  0.90537 -1.       3.0284
 -1.       2.73866  1.74643 -1.       0.98267  3.39659  1.1329  -1.
  3.97145 -1.       1.77214 -1.       1.72003 -1.      -1.      -1.
 -1.      -1.       4.49805 -1.      -1.      -1.       1.51647 -1.
 -1.       2.5665  -1.       1.87121 -1.      -1.      -1.       1.38567
 -1.      -1.      -1.      -1.      -1.      -1.      -1.       0.74179
  0.9681   2.33071  2.2532  -1.     ]

[[ 1  0]
 [ 1  0]
 [ 1  1]
 [ 2  1]
 [ 2  1]
 [ 3  1]
 [ 3  0]
 [ 3  1]
 [ 3  1]
 [ 4  1]
 [ 4  1]
 [ 4  2]
 [ 4  2]
 [ 4  2]
 [ 4  2]
 [ 5  2]
 [ 6  2]
 [ 7  2]
 [ 7  2]
 [ 7  2]
 [ 7  2]
 [ 7  2]
 [ 7  3]
 [ 8  3]
 [ 8  4]
 [ 8  4]
 [ 8  4]
 [ 9  4]
 [10  4]
 [10  4]
 [10  4]
 [10  4]
 [11  4]
 [11  5]
 [12  5]
 [12  5]
 [12  4]
 [13  4]
 [14  4]
 [14  4]
 [15  4]
 [16  4]
 [17  4]
 [17  3]
 [17  3]
 [17  4]
 [17  5]
 [17  5]
 [17  6]
 [17  5]
 [17  5]
 [18  5]
 [19  5]
 [20  5]
 [20  5]
 [21  5]
 [21  4]
 [21  5]
 [22  5]
 [22  5]
 [22  6]
 [23  6]
 [23  7]
 [23  7]
 [24  7]
 [24  7]
 [25  7]
 [25  7]
 [26  7]
 [26  6]
 [26  6]
 [26  6]
 [26  6]
 [26  6]
 [27  6]
 [27  5]
 [27  5]
 [27  5]
 [27  6]
 [27  6]
 [27  6]
 [28  6]
 [28  5]
 [28  6]
 [28  5]
 [28  5]
 [28  5]
 [28  6]
 [28  6]
 [28  5]
 [28  5]
 [28  5]
 [28  5]
 [28  5]
 [28  5]
 [29  5]
 [29  6]
 [29  7]
 [30  7]
 [30  7]]

[ 0.90605 10.81899  0.48189  0.89708  2.54401  2.00557  3.33949  0.24487
  0.19241  0.06656  0.13475  0.36333  0.05621  0.22822  0.02573  0.11982
  0.52173  0.82421  0.44868  0.11212  0.08081  0.48103  0.01529  0.1743
  0.11422  0.15943  0.43513  0.03573  0.14264  0.02209  0.40238  0.21666
  0.31228  0.35007  0.14302  0.13775  0.53483  0.64999  0.07615  0.08077
  0.05808  0.07469  0.03305  0.19193  0.40839  0.00596  0.04636  0.04963
  0.37346  0.02885  0.04214  0.02493  0.11022  0.13162  0.01527  0.03
  0.12546  0.11769  0.02397  0.06347  0.02877  0.04983  0.03524  0.04509
  0.01873  0.00592  0.08359  0.13074  0.15481  0.07922  0.06912  0.0943
  0.00252  0.13792  0.04689  0.12985  0.0487   0.04167  0.00321  0.00539
  0.04805  0.01119  0.00694  0.02204  0.00174  0.15977  0.07942  0.11835
  0.02277  0.01358  0.02889  0.09264  0.02526  0.00919  0.06564  0.02468
  0.01406  0.06018  0.0683   0.03374]

[  1   2   3   5   7   4   6  10   8  13  15  16  18  14  12  21  11  19
  23  27  24  20  22   9  35  29  31  32  39  30  40  36  41  45  46  52
  48  43  42  55  17  60  57  53  61  50  33  37  65  64  58  56  49  77
  62  70  75  76  67  71  73  79  59  91  84  86  94  78  72  97  99 102
  87  28  88 106 100 108  68  92 112 104  80  38 103  66 114  85 120  93
  34  54  25 116  74  89  98 127  51 101]

['N', 'N', 'N', 'N', 'N', 'M', 'N', 'N', 'N', 'N', 'N', 'M', 'M', 'N', 'N', 'N', 'M', 'M', 'N', 'M', 'N', 'N', 'N', 'N', 'N', 'M', 'N', 'M', 'N', 'N', 'N', 'M', 'N', 'N', 'M', 'M', 'M', 'N', 'M', 'N', 'N', 'N', 'M', 'M', 'N', 'N', 'N', 'N', 'M', 'M', 'N', 'N', 'N', 'N', 'N', 'M', 'N', 'N', 'M', 'N', 'N', 'N', 'N', 'M', 'N', 'M', 'M', 'N', 'M', 'M', 'M', 'M', 'N', 'N', 'M', 'N', 'N', 'N', 'N', 'N', 'N', 'M', 'N', 'M', 'M', 'N', 'N', 'N', 'M', 'N', 'N', 'N', 'N', 'M', 'N', 'N', 'N', 'M', 'N', 'N']



[  1.   1.   3.   4.   5.   6.   6.   8.   9.  10.  11.  11.  13.  14.
  14.  16.  17.  18.  19.  19.  21.  22.  23.  24.  25.  26.  27.  27.
  29.  29.  31.  32.  33.  34.  35.  36.  36.  38.  39.  40.  41.  42.
  42.  43.  44.  46.  47.  48.  49.  50.  51.  52.  53.  54.  55.  56.
  57.  58.  59.  60.  61.  62.  63.  64.  65.  66.  67.  68.  68.  70.
  71.  72.  73.  74.  75.  76.  77.  78.  78.  80.  81.  82.  83.  84.
  85.  86.  87.  88.  89.  90.  91.  92.  92.  94.  95.  95.  97.  98.
  99. 100. 101. 102. 103. 104. 104. 106. 107. 107. 108. 110. 111. 111.
 112. 114. 115. 116. 117. 118. 118. 120. 121. 121. 122. 123. 124. 125.
 127. 128. 129. 130. 131. 132. 133. 134. 135. 135.   0.   0.   0.   0.
   0.   0.   0.   0.   0.   0.   0.   0.   0.   0.   0.   0.   0.   0.
   0.   0.   0.   0.   0.   0.   0.   0.   0.   0.   0.   0.   0.   0.
   0.   0.   0.   0.   0.   0.   0.   0.   0.   0.   0.   0.   0.   0.
   0.   0.   0.   0.   0.   0.   0.   0.   0.   0.   0.   0.   0.   0.
   0.   0.   0.   0.   0.   0.   0.   0.   0.   0.   0.   0.   0.   0.
   0.   0.   0.   0.   0.   0.   0.   0.   0.   0.   0.   0.   0.   0.
   0.   0.   0.   0.   0.   0.   0.   0.   0.   0.   0.   0.   0.   0.
   0.   0.   0.   0.   0.   0.   0.   0.   0.   0.   0.   0.   0.   0.
   0.   0.   0.   0.   0.   0.   0.   0.   0.   0.   0.   0.   0.   0.
   0.   0.   0.   0.   0.   0.   0.   0.   0.   0.   0.   0.   0.   0.
   0.   0.   0.   0.   0.   0.   0.   0.   0.   0.   0.   0.   0.   0.
   0.   0.   0.   0.   0.   0.]

[1. 1. 1. 2. 1. 2. 1. 1. 2. 1. 2. 1. 1. 2. 1. 2. 1. 2. 2. 1. 1. 2. 1. 2.
 1. 2. 2. 1. 2. 1. 1. 2. 1. 2. 1. 2. 1. 2. 1. 2. 1. 2. 1. 1. 1. 2. 1. 2.
 1. 1. 2. 2. 2. 1. 1. 2. 2. 1. 2. 1. 2. 1. 2. 2. 2. 1. 2. 1. 1. 2. 1. 2.
 1. 2. 1. 2. 1. 2. 1. 1. 2. 2. 1. 1. 2. 2. 1. 2. 1. 2. 2. 1. 1. 2. 1. 1.
 2. 1. 2. 1. 2. 2. 2. 2. 1. 1. 2. 1. 1. 1. 2. 1. 1. 1. 2. 2. 1. 2. 1. 2.
 1. 1. 1. 1. 1. 1. 2. 1. 2. 2. 1. 2. 1. 2. 1. 1. 0. 0. 0. 0. 0. 0. 0. 0.
 0. 0. 0. 0. 0. 0. 0. 0. 0. 0. 0. 0. 0. 0. 0. 0. 0. 0. 0. 0. 0. 0. 0. 0.
 0. 0. 0. 0. 0. 0. 0. 0. 0. 0. 0. 0. 0. 0. 0. 0. 0. 0. 0. 0. 0. 0. 0. 0.
 0. 0. 0. 0. 0. 0. 0. 0. 0. 0. 0. 0. 0. 0. 0. 0. 0. 0. 0. 0. 0. 0. 0. 0.
 0. 0. 0. 0. 0. 0. 0. 0. 0. 0. 0. 0. 0. 0. 0. 0. 0. 0. 0. 0. 0. 0. 0. 0.
 0. 0. 0. 0. 0. 0. 0. 0. 0. 0. 0. 0. 0. 0. 0. 0. 0. 0. 0. 0. 0. 0. 0. 0.
 0. 0. 0. 0. 0. 0. 0. 0. 0. 0. 0. 0. 0. 0. 0. 0. 0. 0. 0. 0. 0. 0. 0. 0.
 0. 0. 0. 0. 0. 0. 0. 0. 0. 0. 0. 0.]

[ 0.       0.90605 11.72504 11.72504 12.20693 12.20693 13.10401 15.64802
 15.64802 20.99308 20.99308 21.23795 21.43036 21.43036 21.49692 21.63166
 21.63166 21.99499 22.0512  22.27942 22.30515 22.30515 22.42498 22.42498
 22.94671 22.94671 23.77091 24.21959 24.33171 24.41253 24.89356 24.89356
 24.90885 24.90885 25.08315 25.08315 25.19737 25.3568  25.79193 25.79193
 25.82766 25.82766 25.97029 25.99239 26.39477 26.61143 26.61143 26.92371
 26.92371 27.27378 27.27378 27.4168  28.08939 28.08939 28.73938 28.73938
 28.81553 28.8963  28.8963  28.95438 28.95438 29.02907 29.02907 29.25405
 29.66244 29.66244 29.6684  29.6684  29.71476 29.76439 29.76439 30.1667
 30.20885 30.20885 30.23377 30.23377 30.344   30.344   30.47562 30.49089
 30.49089 30.64634 30.64634 30.76404 30.76404 30.78801 30.85148 30.85148
 30.88024 30.88024 30.93007 30.93007 30.9653  31.01039 31.01039 31.02912
 31.03504 31.03504 31.11863 31.24937 31.24937 31.4834  31.55252 31.64682
 31.64934 31.78726 31.78726 31.96399 32.01268 32.05436 32.05436 32.05757
 32.06296 32.11102 32.11102 32.12914 32.12914 32.15292 32.3127  32.39212
 32.39212 32.51046 32.54682 32.57571 32.66835 32.69361 32.7028  32.76844
 32.76844 32.79313 32.79313 32.80719 32.80719 32.86737 32.86737 32.93566
  0.       0.       0.       0.       0.       0.       0.       0.
  0.       0.       0.       0.       0.       0.       0.       0.
  0.       0.       0.       0.       0.       0.       0.       0.
  0.       0.       0.       0.       0.       0.       0.       0.
  0.       0.       0.       0.       0.       0.       0.       0.
  0.       0.       0.       0.       0.       0.       0.       0.
  0.       0.       0.       0.       0.       0.       0.       0.
  0.       0.       0.       0.       0.       0.       0.       0.
  0.       0.       0.       0.       0.       0.       0.       0.
  0.       0.       0.       0.       0.       0.       0.       0.
  0.       0.       0.       0.       0.       0.       0.       0.
  0.       0.       0.       0.       0.       0.       0.       0.
  0.       0.       0.       0.       0.       0.       0.       0.
  0.       0.       0.       0.       0.       0.       0.       0.
  0.       0.       0.       0.       0.       0.       0.       0.
  0.       0.       0.       0.       0.       0.       0.       0.
  0.       0.       0.       0.       0.       0.       0.       0.
  0.       0.       0.       0.       0.       0.       0.       0.
  0.       0.       0.       0.       0.       0.       0.       0.
  0.       0.       0.       0.       0.       0.       0.       0.
  0.       0.       0.       0.     ]

[ 0.90605 10.81899  0.48189  5.92856  0.89708  8.78615  2.54401  5.78234
  9.43513  0.24487  1.95362  1.0672   0.06656  0.84906  0.13475  0.36333
  7.32272  0.05621  1.71971  2.61414  0.11982  2.6037   1.79462  1.98755
  9.7469  13.94962  0.5608   7.56766  1.02508  1.57986  0.89837  0.9341
  4.80591  7.66686  0.11422  1.52828  4.56702  6.79438  0.17837  0.60284
  1.09605  2.98787  2.76908  8.19557  0.87901  0.80538  6.74821  1.16568
  3.42029  2.39462  5.66188  0.13775  1.16467  4.57897  0.15692  1.4944
  0.2466   1.31255  2.06901  0.07469  0.70806  1.46181  6.17155  0.91265
  0.47541  2.65026  1.11961  2.38917  7.7008   0.7565   1.08709  1.23748
  0.67139  2.5596   0.41257  0.53026  0.13162  0.90537  0.45445  1.63826
  3.0284   2.43577  2.73866  0.26508  1.74643  0.24703  0.79786  0.98267
  1.91289  3.39659  0.08033  1.1329   1.58152  0.10823  3.97145  3.65856
  0.44836  1.77214  0.43389  0.76331  1.72003  0.16342  0.6004   0.47539
  1.45347  0.17673  4.49805  0.09037  1.75533  1.20688  1.51647  0.05345
  4.44639  0.2811   2.5665   0.57365  1.87121  1.44544  1.43666  0.14112
  1.38567  7.36214  7.31561  1.18008  0.56752  1.22673  0.16457  0.64568
  0.74179  0.18215  0.9681   0.70849  2.33071  1.25868  2.2532   0.4769
  0.       0.       0.       0.       0.       0.       0.       0.
  0.       0.       0.       0.       0.       0.       0.       0.
  0.       0.       0.       0.       0.       0.       0.       0.
  0.       0.       0.       0.       0.       0.       0.       0.
  0.       0.       0.       0.       0.       0.       0.       0.
  0.       0.       0.       0.       0.       0.       0.       0.
  0.       0.       0.       0.       0.       0.       0.       0.
  0.       0.       0.       0.       0.       0.       0.       0.
  0.       0.       0.       0.       0.       0.       0.       0.
  0.       0.       0.       0.       0.       0.       0.       0.
  0.       0.       0.       0.       0.       0.       0.       0.
  0.       0.       0.       0.       0.       0.       0.       0.
  0.       0.       0.       0.       0.       0.       0.       0.
  0.       0.       0.       0.       0.       0.       0.       0.
  0.       0.       0.       0.       0.       0.       0.       0.
  0.       0.       0.       0.       0.       0.       0.       0.
  0.       0.       0.       0.       0.       0.       0.       0.
  0.       0.       0.       0.       0.       0.       0.       0.
  0.       0.       0.       0.       0.       0.       0.       0.
  0.       0.       0.       0.       0.       0.       0.       0.
  0.       0.       0.       0.     ]

[ 0.90605 11.72504 12.20693 17.6536  13.10401 20.99308 15.64802 21.43036
 25.08315 21.23795 22.94671 22.30515 21.49692 22.27942 21.63166 21.99499
 28.95438 22.0512  23.77091 24.89356 22.42498 24.90885 24.21959 24.41253
 32.69361 36.89633 24.33171 31.78726 25.3568  25.99239 25.79193 25.82766
 29.71476 32.57571 25.19737 26.61143 29.76439 32.15118 25.97029 26.39477
 26.92371 28.81553 28.73938 34.18796 27.27378 27.4168  33.35964 28.08939
 30.344   29.6684  32.93566 27.55455 29.25405 32.66835 28.8963  30.23377
 29.06213 30.20885 30.9653  29.02907 29.66244 30.49089 35.20063 30.1667
 30.13785 32.3127  30.78801 32.05757 37.41556 30.52089 30.85148 31.40418
 30.88024 32.76844 30.64634 30.76404 30.47562 31.24937 30.93007 32.12914
 33.51929 33.08211 33.385   31.02912 32.51046 31.03504 31.64934 31.83414
 32.79313 34.27684 31.01039 32.06296 32.54682 31.11863 34.98184 34.68768
 31.4834  32.80719 31.55252 32.01268 32.9694  31.64682 32.15292 32.12221
 33.10281 31.96399 36.28531 32.05436 33.76802 33.26123 33.57082 32.11102
 36.50936 32.39212 34.67752 32.7028  34.00036 33.59836 33.74936 32.53324
 33.77778 39.8726  39.86243 33.75579 33.23587 33.92034 32.86737 33.41412
 33.51024 32.97528 33.76123 33.51568 35.1379  34.12605 35.12056 33.41256
  0.       0.       0.       0.       0.       0.       0.       0.
  0.       0.       0.       0.       0.       0.       0.       0.
  0.       0.       0.       0.       0.       0.       0.       0.
  0.       0.       0.       0.       0.       0.       0.       0.
  0.       0.       0.       0.       0.       0.       0.       0.
  0.       0.       0.       0.       0.       0.       0.       0.
  0.       0.       0.       0.       0.       0.       0.       0.
  0.       0.       0.       0.       0.       0.       0.       0.
  0.       0.       0.       0.       0.       0.       0.       0.
  0.       0.       0.       0.       0.       0.       0.       0.
  0.       0.       0.       0.       0.       0.       0.       0.
  0.       0.       0.       0.       0.       0.       0.       0.
  0.       0.       0.       0.       0.       0.       0.       0.
  0.       0.       0.       0.       0.       0.       0.       0.
  0.       0.       0.       0.       0.       0.       0.       0.
  0.       0.       0.       0.       0.       0.       0.       0.
  0.       0.       0.       0.       0.       0.       0.       0.
  0.       0.       0.       0.       0.       0.       0.       0.
  0.       0.       0.       0.       0.       0.       0.       0.
  0.       0.       0.       0.       0.       0.       0.       0.
  0.       0.       0.       0.     ]

[  2.   3.   5.  -1.   7.  10.   8.  13.  35.  12.  25.  21.  15.  20.
  16.  18.  60.  19.  27.  31.  23.  33.  28.  30. 126.   0.  29. 106.
  38.  44.  39.  41.  69. 124.  37.  46.  70.  -1.  43.  45.  48.  57.
  55.   0.  50.  52.   0.  53.  77.  67. 136.  -1.  64. 125.  58.  75.
  -1.  73.  93.  62.  65.  80.   0.  72.  -1. 119.  86. 112.   0.  -1.
  87.  -1.  89. 128.  82.  84.  79. 100.  91. 116.   0.   0.   0.  96.
 122.  97. 105.  -1. 130.   0.  94. 113. 123.  99.   0.   0. 102. 132.
 103. 109.   0. 104. 118.  -1.   0. 108.   0. 110.   0.   0.   0. 114.
   0. 120.   0. 127.   0.   0.   0.  -1.   0.   0.   0.   0.   0.   0.
 134.   0.   0.   0.   0.   0.   0.   0.   0.   0.   0.   0.   0.   0.
   0.   0.   0.   0.   0.   0.   0.   0.   0.   0.   0.   0.   0.   0.
   0.   0.   0.   0.   0.   0.   0.   0.   0.   0.   0.   0.   0.   0.
   0.   0.   0.   0.   0.   0.   0.   0.   0.   0.   0.   0.   0.   0.
   0.   0.   0.   0.   0.   0.   0.   0.   0.   0.   0.   0.   0.   0.
   0.   0.   0.   0.   0.   0.   0.   0.   0.   0.   0.   0.   0.   0.
   0.   0.   0.   0.   0.   0.   0.   0.   0.   0.   0.   0.   0.   0.
   0.   0.   0.   0.   0.   0.   0.   0.   0.   0.   0.   0.   0.   0.
   0.   0.   0.   0.   0.   0.   0.   0.   0.   0.   0.   0.   0.   0.
   0.   0.   0.   0.   0.   0.   0.   0.   0.   0.   0.   0.   0.   0.
   0.   0.   0.   0.   0.   0.   0.   0.   0.   0.   0.   0.   0.   0.
   0.   0.   0.   0.   0.   0.   0.   0.   0.   0.   0.   0.   0.   0.
   0.   0.   0.   0.   0.   0.]

[ -1.   4.   6.  -1.  -1.  11.   9.  14.  36.  -1.  26.  22.  -1.  -1.
  17.  -1.  61.  -1.  -1.  32.  24.  34.  -1.  -1.  -1.   0.  -1. 107.
  -1.  -1.  40.  42.  -1.  -1.  -1.  47.  71.  -1.  -1.  -1.  49.  -1.
  56.   0.  51.  -1.   0.  54.  78.  68.  -1.  -1.  -1.  -1.  59.  76.
  -1.  74.  -1.  63.  66.  81.   0.  -1.  -1.  -1.  -1.  -1.   0.  -1.
  88.  -1.  90. 129.  83.  85.  -1. 101.  92. 117.   0.   0.   0.  -1.
  -1.  98.  -1.  -1. 131.   0.  95.  -1.  -1.  -1.   0.   0.  -1. 133.
  -1.  -1.   0.  -1.  -1.  -1.   0.  -1.   0. 111.   0.   0.   0. 115.
   0. 121.   0.  -1.   0.   0.   0.  -1.   0.   0.   0.   0.   0.   0.
 135.   0.   0.   0.   0.   0.   0.   0.   0.   0.   0.   0.   0.   0.
   0.   0.   0.   0.   0.   0.   0.   0.   0.   0.   0.   0.   0.   0.
   0.   0.   0.   0.   0.   0.   0.   0.   0.   0.   0.   0.   0.   0.
   0.   0.   0.   0.   0.   0.   0.   0.   0.   0.   0.   0.   0.   0.
   0.   0.   0.   0.   0.   0.   0.   0.   0.   0.   0.   0.   0.   0.
   0.   0.   0.   0.   0.   0.   0.   0.   0.   0.   0.   0.   0.   0.
   0.   0.   0.   0.   0.   0.   0.   0.   0.   0.   0.   0.   0.   0.
   0.   0.   0.   0.   0.   0.   0.   0.   0.   0.   0.   0.   0.   0.
   0.   0.   0.   0.   0.   0.   0.   0.   0.   0.   0.   0.   0.   0.
   0.   0.   0.   0.   0.   0.   0.   0.   0.   0.   0.   0.   0.   0.
   0.   0.   0.   0.   0.   0.   0.   0.   0.   0.   0.   0.   0.   0.
   0.   0.   0.   0.   0.   0.   0.   0.   0.   0.   0.   0.   0.   0.
   0.   0.   0.   0.   0.   0.]



28

22

17

10

16

7

0.28

0.22

0.17

0.1

0.16

0.07

100

1.0



96

40

30

7



[[ 0  0  0  0  0  0  0  0  0  0  0  0  0  0  0]
 [ 2  1  0  0  0  0  0  0  0  0  0  0  0  0  0]
 [ 0  2  0  0  0  0  0  0  0  0  0  0  0  0  0]
 [ 1  3  0  0  0  0  0  0  0  0  0  0  0  0  0]
 [ 0  2  4  0  0  0  0  0  0  0  0  0  0  0  0]
 [ 0  0  1  0  0  0  0  0  0  0  0  0  0  0  0]
 [ 0  0  1  0  0  0  0  0  0  0  0  0  0  0  0]
 [ 0  0  5  1  0  0  0  0  0  0  0  0  0  0  0]
 [ 0  0  0  1  3  0  0  0  0  0  0  0  0  0  0]
 [ 0  0  0  0  1  0  0  0  0  0  0  0  0  0  0]
 [ 0  0  0  0  4  0  0  0  0  0  0  0  0  0  0]
 [ 0  0  0  0  1  1  0  0  0  0  0  0  0  0  0]
 [ 0  0  0  0  1  2  0  0  0  0  0  0  0  0  0]
 [ 0  0  0  0  1  0  0  0  0  0  0  0  0  0  0]
 [ 0  0  0  0  2  0  0  0  0  0  0  0  0  0  0]
 [ 0  0  0  0  1  0  0  0  0  0  0  0  0  0  0]
 [ 0  0  0  0  1  0  0  0  0  0  0  0  0  0  0]
 [ 0  0  0  2  2  4  1  0  0  0  0  0  0  0  0]
 [ 0  0  0  0  0  1  0  0  0  0  0  0  0  0  0]
 [ 0  0  0  0  0  1  0  0  0  0  0  0  0  0  0]
 [ 0  0  0  0  0  2  0  0  0  0  0  0  0  0  0]
 [ 0  0  0  0  1  2  0  0  0  0  0  0  0  0  0]
 [ 0  0  0  0  0  2  1  0  0  0  0  0  0  0  0]
 [ 0  0  0  0  0  0  1  2  0  0  0  0  0  0  0]
 [ 0  0  0  0  0  0  0  2  0  0  0  0  0  0  0]
 [ 0  0  0  0  0  0  0  2  0  0  0  0  0  0  0]
 [ 0  0  0  0  0  0  5  1  0  0  0  0  0  0  0]
 [ 0  0  0  0  0  3  4  0  0  0  0  0  0  0  0]
 [ 0  0  0  0  0 10  4  0  0  0  0  0  0  0  0]
 [ 0  0  0  0  0  1  1  1  0  0  0  0  0  0  0]
 [ 0  0  0  0  0  0  0  2  0  0  0  0  0  0  0]
 [ 0  0  0  0  0  0  0  0  0  0  0  0  0  0  0]
 [ 0  0  0  0  0  0  0  0  0  0  0  0  0  0  0]
 [ 0  0  0  0  0  0  0  0  0  0  0  0  0  0  0]
 [ 0  0  0  0  0  0  0  0  0  0  0  0  0  0  0]
 [ 0  0  0  0  0  0  0  0  0  0  0  0  0  0  0]
 [ 0  0  0  0  0  0  0  0  0  0  0  0  0  0  0]
 [ 0  0  0  0  0  0  0  0  0  0  0  0  0  0  0]
 [ 0  0  0  0  0  0  0  0  0  0  0  0  0  0  0]
 [ 0  0  0  0  0  0  0  0  0  0  0  0  0  0  0]
 [ 0  0  0  0  0  0  0  0  0  0  0  0  0  0  0]
 [ 0  0  0  0  0  0  0  0  0  0  0  0  0  0  0]
 [ 0  0  0  0  0  0  0  0  0  0  0  0  0  0  0]
 [ 0  0  0  0  0  0  0  0  0  0  0  0  0  0  0]
 [ 0  0  0  0  0  0  0  0  0  0  0  0  0  0  0]
 [ 0  0  0  0  0  0  0  0  0  0  0  0  0  0  0]
 [ 0  0  0  0  0  0  0  0  0  0  0  0  0  0  0]
 [ 0  0  0  0  0  0  0  0  0  0  0  0  0  0  0]
 [ 0  0  0  0  0  0  0  0  0  0  0  0  0  0  0]
 [ 0  0  0  0  0  0  0  0  0  0  0  0  0  0  0]]

[[0.   0.   0.   0.   0.   0.   0.   0.   0.   0.   0.   0.   0.   0.
  0.  ]
 [0.02 0.01 0.   0.   0.   0.   0.   0.   0.   0.   0.   0.   0.   0.
  0.  ]
 [0.   0.02 0.   0.   0.   0.   0.   0.   0.   0.   0.   0.   0.   0.
  0.  ]
 [0.01 0.03 0.   0.   0.   0.   0.   0.   0.   0.   0.   0.   0.   0.
  0.  ]
 [0.   0.02 0.04 0.   0.   0.   0.   0.   0.   0.   0.   0.   0.   0.
  0.  ]
 [0.   0.   0.01 0.   0.   0.   0.   0.   0.   0.   0.   0.   0.   0.
  0.  ]
 [0.   0.   0.01 0.   0.   0.   0.   0.   0.   0.   0.   0.   0.   0.
  0.  ]
 [0.   0.   0.05 0.01 0.   0.   0.   0.   0.   0.   0.   0.   0.   0.
  0.  ]
 [0.   0.   0.   0.01 0.03 0.   0.   0.   0.   0.   0.   0.   0.   0.
  0.  ]
 [0.   0.   0.   0.   0.01 0.   0.   0.   0.   0.   0.   0.   0.   0.
  0.  ]
 [0.   0.   0.   0.   0.04 0.   0.   0.   0.   0.   0.   0.   0.   0.
  0.  ]
 [0.   0.   0.   0.   0.01 0.01 0.   0.   0.   0.   0.   0.   0.   0.
  0.  ]
 [0.   0.   0.   0.   0.01 0.02 0.   0.   0.   0.   0.   0.   0.   0.
  0.  ]
 [0.   0.   0.   0.   0.01 0.   0.   0.   0.   0.   0.   0.   0.   0.
  0.  ]
 [0.   0.   0.   0.   0.02 0.   0.   0.   0.   0.   0.   0.   0.   0.
  0.  ]
 [0.   0.   0.   0.   0.01 0.   0.   0.   0.   0.   0.   0.   0.   0.
  0.  ]
 [0.   0.   0.   0.   0.01 0.   0.   0.   0.   0.   0.   0.   0.   0.
  0.  ]
 [0.   0.   0.   0.02 0.02 0.04 0.01 0.   0.   0.   0.   0.   0.   0.
  0.  ]
 [0.   0.   0.   0.   0.   0.01 0.   0.   0.   0.   0.   0.   0.   0.
  0.  ]
 [0.   0.   0.   0.   0.   0.01 0.   0.   0.   0.   0.   0.   0.   0.
  0.  ]
 [0.   0.   0.   0.   0.   0.02 0.   0.   0.   0.   0.   0.   0.   0.
  0.  ]
 [0.   0.   0.   0.   0.01 0.02 0.   0.   0.   0.   0.   0.   0.   0.
  0.  ]
 [0.   0.   0.   0.   0.   0.02 0.01 0.   0.   0.   0.   0.   0.   0.
  0.  ]
 [0.   0.   0.   0.   0.   0.   0.01 0.02 0.   0.   0.   0.   0.   0.
  0.  ]
 [0.   0.   0.   0.   0.   0.   0.   0.02 0.   0.   0.   0.   0.   0.
  0.  ]
 [0.   0.   0.   0.   0.   0.   0.   0.02 0.   0.   0.   0.   0.   0.
  0.  ]
 [0.   0.   0.   0.   0.   0.   0.05 0.01 0.   0.   0.   0.   0.   0.
  0.  ]
 [0.   0.   0.   0.   0.   0.03 0.04 0.   0.   0.   0.   0.   0.   0.
  0.  ]
 [0.   0.   0.   0.   0.   0.1  0.04 0.   0.   0.   0.   0.   0.   0.
  0.  ]
 [0.   0.   0.   0.   0.   0.01 0.01 0.01 0.   0.   0.   0.   0.   0.
  0.  ]
 [0.   0.   0.   0.   0.   0.   0.   0.02 0.   0.   0.   0.   0.   0.
  0.  ]
 [0.   0.   0.   0.   0.   0.   0.   0.   0.   0.   0.   0.   0.   0.
  0.  ]
 [0.   0.   0.   0.   0.   0.   0.   0.   0.   0.   0.   0.   0.   0.
  0.  ]
 [0.   0.   0.   0.   0.   0.   0.   0.   0.   0.   0.   0.   0.   0.
  0.  ]
 [0.   0.   0.   0.   0.   0.   0.   0.   0.   0.   0.   0.   0.   0.
  0.  ]
 [0.   0.   0.   0.   0.   0.   0.   0.   0.   0.   0.   0.   0.   0.
  0.  ]
 [0.   0.   0.   0.   0.   0.   0.   0.   0.   0.   0.   0.   0.   0.
  0.  ]
 [0.   0.   0.   0.   0.   0.   0.   0.   0.   0.   0.   0.   0.   0.
  0.  ]
 [0.   0.   0.   0.   0.   0.   0.   0.   0.   0.   0.   0.   0.   0.
  0.  ]
 [0.   0.   0.   0.   0.   0.   0.   0.   0.   0.   0.   0.   0.   0.
  0.  ]
 [0.   0.   0.   0.   0.   0.   0.   0.   0.   0.   0.   0.   0.   0.
  0.  ]
 [0.   0.   0.   0.   0.   0.   0.   0.   0.   0.   0.   0.   0.   0.
  0.  ]
 [0.   0.   0.   0.   0.   0.   0.   0.   0.   0.   0.   0.   0.   0.
  0.  ]
 [0.   0.   0.   0.   0.   0.   0.   0.   0.   0.   0.   0.   0.   0.
  0.  ]
 [0.   0.   0.   0.   0.   0.   0.   0.   0.   0.   0.   0.   0.   0.
  0.  ]
 [0.   0.   0.   0.   0.   0.   0.   0.   0.   0.   0.   0.   0.   0.
  0.  ]
 [0.   0.   0.   0.   0.   0.   0.   0.   0.   0.   0.   0.   0.   0.
  0.  ]
 [0.   0.   0.   0.   0.   0.   0.   0.   0.   0.   0.   0.   0.   0.
  0.  ]
 [0.   0.   0.   0.   0.   0.   0.   0.   0.   0.   0.   0.   0.   0.
  0.  ]
 [0.   0.   0.   0.   0.   0.   0.   0.   0.   0.   0.   0.   0.   0.
  0.  ]]

[[ 0.       0.       0.       0.       0.       0.       0.       0.
   0.       0.       0.       0.       0.       0.       0.     ]
 [11.72504  0.48189  0.       0.       0.       0.       0.       0.
   0.       0.       0.       0.       0.       0.       0.     ]
 [ 0.       3.44109  0.       0.       0.       0.       0.       0.
   0.       0.       0.       0.       0.       0.       0.     ]
 [ 3.33949  2.44285  0.       0.       0.       0.       0.       0.
   0.       0.       0.       0.       0.       0.       0.     ]
 [ 0.       0.2013   0.67349  0.       0.       0.       0.       0.
   0.       0.       0.       0.       0.       0.       0.     ]
 [ 0.       0.       0.11982  0.       0.       0.       0.       0.
   0.       0.       0.       0.       0.       0.       0.     ]
 [ 0.       0.       0.52173  0.       0.       0.       0.       0.
   0.       0.       0.       0.       0.       0.       0.     ]
 [ 0.       0.       1.94685  0.01529  0.       0.       0.       0.
   0.       0.       0.       0.       0.       0.       0.     ]
 [ 0.       0.       0.       0.1743   0.70878  0.       0.       0.
   0.       0.       0.       0.       0.       0.       0.     ]
 [ 0.       0.       0.       0.       0.03573  0.       0.       0.
   0.       0.       0.       0.       0.       0.       0.     ]
 [ 0.       0.       0.       0.       0.78377  0.       0.       0.
   0.       0.       0.       0.       0.       0.       0.     ]
 [ 0.       0.       0.       0.       0.31228  0.35007  0.       0.
   0.       0.       0.       0.       0.       0.       0.     ]
 [ 0.       0.       0.       0.       0.53483  0.28077  0.       0.
   0.       0.       0.       0.       0.       0.       0.     ]
 [ 0.       0.       0.       0.       0.64999  0.       0.       0.
   0.       0.       0.       0.       0.       0.       0.     ]
 [ 0.       0.       0.       0.       0.15692  0.       0.       0.
   0.       0.       0.       0.       0.       0.       0.     ]
 [ 0.       0.       0.       0.       0.05808  0.       0.       0.
   0.       0.       0.       0.       0.       0.       0.     ]
 [ 0.       0.       0.       0.       0.07469  0.       0.       0.
   0.       0.       0.       0.       0.       0.       0.     ]
 [ 0.       0.       0.       0.60031  0.03901  0.16698  0.37346  0.
   0.       0.       0.       0.       0.       0.       0.     ]
 [ 0.       0.       0.       0.       0.       0.02493  0.       0.
   0.       0.       0.       0.       0.       0.       0.     ]
 [ 0.       0.       0.       0.       0.       0.11022  0.       0.
   0.       0.       0.       0.       0.       0.       0.     ]
 [ 0.       0.       0.       0.       0.       0.14689  0.       0.
   0.       0.       0.       0.       0.       0.       0.     ]
 [ 0.       0.       0.       0.       0.12546  0.14769  0.       0.
   0.       0.       0.       0.       0.       0.       0.     ]
 [ 0.       0.       0.       0.       0.       0.08744  0.02877  0.
   0.       0.       0.       0.       0.       0.       0.     ]
 [ 0.       0.       0.       0.       0.       0.       0.04983  0.08033
   0.       0.       0.       0.       0.       0.       0.     ]
 [ 0.       0.       0.       0.       0.       0.       0.       0.02465
   0.       0.       0.       0.       0.       0.       0.     ]
 [ 0.       0.       0.       0.       0.       0.       0.       0.21433
   0.       0.       0.       0.       0.       0.       0.     ]
 [ 0.       0.       0.       0.       0.       0.       0.38307  0.15481
   0.       0.       0.       0.       0.       0.       0.     ]
 [ 0.       0.       0.       0.       0.       0.22022  0.10354  0.
   0.       0.       0.       0.       0.       0.       0.     ]
 [ 0.       0.       0.       0.       0.       0.48308  0.17435  0.
   0.       0.       0.       0.       0.       0.       0.     ]
 [ 0.       0.       0.       0.       0.       0.02468  0.01406  0.06018
   0.       0.       0.       0.       0.       0.       0.     ]
 [ 0.       0.       0.       0.       0.       0.       0.       0.0683
   0.       0.       0.       0.       0.       0.       0.     ]
 [ 0.       0.       0.       0.       0.       0.       0.       0.
   0.       0.       0.       0.       0.       0.       0.     ]
 [ 0.       0.       0.       0.       0.       0.       0.       0.
   0.       0.       0.       0.       0.       0.       0.     ]
 [ 0.       0.       0.       0.       0.       0.       0.       0.
   0.       0.       0.       0.       0.       0.       0.     ]
 [ 0.       0.       0.       0.       0.       0.       0.       0.
   0.       0.       0.       0.       0.       0.       0.     ]
 [ 0.       0.       0.       0.       0.       0.       0.       0.
   0.       0.       0.       0.       0.       0.       0.     ]
 [ 0.       0.       0.       0.       0.       0.       0.       0.
   0.       0.       0.       0.       0.       0.       0.     ]
 [ 0.       0.       0.       0.       0.       0.       0.       0.
   0.       0.       0.       0.       0.       0.       0.     ]
 [ 0.       0.       0.       0.       0.       0.       0.       0.
   0.       0.       0.       0.       0.       0.       0.     ]
 [ 0.       0.       0.       0.       0.       0.       0.       0.
   0.       0.       0.       0.       0.       0.       0.     ]
 [ 0.       0.       0.       0.       0.       0.       0.       0.
   0.       0.       0.       0.       0.       0.       0.     ]
 [ 0.       0.       0.       0.       0.       0.       0.       0.
   0.       0.       0.       0.       0.       0.       0.     ]
 [ 0.       0.       0.       0.       0.       0.       0.       0.
   0.       0.       0.       0.       0.       0.       0.     ]
 [ 0.       0.       0.       0.       0.       0.       0.       0.
   0.       0.       0.       0.       0.       0.       0.     ]
 [ 0.       0.       0.       0.       0.       0.       0.       0.
   0.       0.       0.       0.       0.       0.       0.     ]
 [ 0.       0.       0.       0.       0.       0.       0.       0.
   0.       0.       0.       0.       0.       0.       0.     ]
 [ 0.       0.       0.       0.       0.       0.       0.       0.
   0.       0.       0.       0.       0.       0.       0.     ]
 [ 0.       0.       0.       0.       0.       0.       0.       0.
   0.       0.       0.       0.       0.       0.       0.     ]
 [ 0.       0.       0.       0.       0.       0.       0.       0.
   0.       0.       0.       0.       0.       0.       0.     ]
 [ 0.       0.       0.       0.       0.       0.       0.       0.
   0.       0.       0.       0.       0.       0.       0.     ]]

[[0.      0.      0.      0.      0.      0.      0.      0.      0.
  0.      0.      0.      0.      0.      0.     ]
 [0.356   0.01463 0.      0.      0.      0.      0.      0.      0.
  0.      0.      0.      0.      0.      0.     ]
 [0.      0.10448 0.      0.      0.      0.      0.      0.      0.
  0.      0.      0.      0.      0.      0.     ]
 [0.10139 0.07417 0.      0.      0.      0.      0.      0.      0.
  0.      0.      0.      0.      0.      0.     ]
 [0.      0.00611 0.02045 0.      0.      0.      0.      0.      0.
  0.      0.      0.      0.      0.      0.     ]
 [0.      0.      0.00364 0.      0.      0.      0.      0.      0.
  0.      0.      0.      0.      0.      0.     ]
 [0.      0.      0.01584 0.      0.      0.      0.      0.      0.
  0.      0.      0.      0.      0.      0.     ]
 [0.      0.      0.05911 0.00046 0.      0.      0.      0.      0.
  0.      0.      0.      0.      0.      0.     ]
 [0.      0.      0.      0.00529 0.02152 0.      0.      0.      0.
  0.      0.      0.      0.      0.      0.     ]
 [0.      0.      0.      0.      0.00108 0.      0.      0.      0.
  0.      0.      0.      0.      0.      0.     ]
 [0.      0.      0.      0.      0.0238  0.      0.      0.      0.
  0.      0.      0.      0.      0.      0.     ]
 [0.      0.      0.      0.      0.00948 0.01063 0.      0.      0.
  0.      0.      0.      0.      0.      0.     ]
 [0.      0.      0.      0.      0.01624 0.00852 0.      0.      0.
  0.      0.      0.      0.      0.      0.     ]
 [0.      0.      0.      0.      0.01974 0.      0.      0.      0.
  0.      0.      0.      0.      0.      0.     ]
 [0.      0.      0.      0.      0.00476 0.      0.      0.      0.
  0.      0.      0.      0.      0.      0.     ]
 [0.      0.      0.      0.      0.00176 0.      0.      0.      0.
  0.      0.      0.      0.      0.      0.     ]
 [0.      0.      0.      0.      0.00227 0.      0.      0.      0.
  0.      0.      0.      0.      0.      0.     ]
 [0.      0.      0.      0.01823 0.00118 0.00507 0.01134 0.      0.
  0.      0.      0.      0.      0.      0.     ]
 [0.      0.      0.      0.      0.      0.00076 0.      0.      0.
  0.      0.      0.      0.      0.      0.     ]
 [0.      0.      0.      0.      0.      0.00335 0.      0.      0.
  0.      0.      0.      0.      0.      0.     ]
 [0.      0.      0.      0.      0.      0.00446 0.      0.      0.
  0.      0.      0.      0.      0.      0.     ]
 [0.      0.      0.      0.      0.00381 0.00448 0.      0.      0.
  0.      0.      0.      0.      0.      0.     ]
 [0.      0.      0.      0.      0.      0.00265 0.00087 0.      0.
  0.      0.      0.      0.      0.      0.     ]
 [0.      0.      0.      0.      0.      0.      0.00151 0.00244 0.
  0.      0.      0.      0.      0.      0.     ]
 [0.      0.      0.      0.      0.      0.      0.      0.00075 0.
  0.      0.      0.      0.      0.      0.     ]
 [0.      0.      0.      0.      0.      0.      0.      0.00651 0.
  0.      0.      0.      0.      0.      0.     ]
 [0.      0.      0.      0.      0.      0.      0.01163 0.0047  0.
  0.      0.      0.      0.      0.      0.     ]
 [0.      0.      0.      0.      0.      0.00669 0.00314 0.      0.
  0.      0.      0.      0.      0.      0.     ]
 [0.      0.      0.      0.      0.      0.01467 0.00529 0.      0.
  0.      0.      0.      0.      0.      0.     ]
 [0.      0.      0.      0.      0.      0.00075 0.00043 0.00183 0.
  0.      0.      0.      0.      0.      0.     ]
 [0.      0.      0.      0.      0.      0.      0.      0.00207 0.
  0.      0.      0.      0.      0.      0.     ]
 [0.      0.      0.      0.      0.      0.      0.      0.      0.
  0.      0.      0.      0.      0.      0.     ]
 [0.      0.      0.      0.      0.      0.      0.      0.      0.
  0.      0.      0.      0.      0.      0.     ]
 [0.      0.      0.      0.      0.      0.      0.      0.      0.
  0.      0.      0.      0.      0.      0.     ]
 [0.      0.      0.      0.      0.      0.      0.      0.      0.
  0.      0.      0.      0.      0.      0.     ]
 [0.      0.      0.      0.      0.      0.      0.      0.      0.
  0.      0.      0.      0.      0.      0.     ]
 [0.      0.      0.      0.      0.      0.      0.      0.      0.
  0.      0.      0.      0.      0.      0.     ]
 [0.      0.      0.      0.      0.      0.      0.      0.      0.
  0.      0.      0.      0.      0.      0.     ]
 [0.      0.      0.      0.      0.      0.      0.      0.      0.
  0.      0.      0.      0.      0.      0.     ]
 [0.      0.      0.      0.      0.      0.      0.      0.      0.
  0.      0.      0.      0.      0.      0.     ]
 [0.      0.      0.      0.      0.      0.      0.      0.      0.
  0.      0.      0.      0.      0.      0.     ]
 [0.      0.      0.      0.      0.      0.      0.      0.      0.
  0.      0.      0.      0.      0.      0.     ]
 [0.      0.      0.      0.      0.      0.      0.      0.      0.
  0.      0.      0.      0.      0.      0.     ]
 [0.      0.      0.      0.      0.      0.      0.      0.      0.
  0.      0.      0.      0.      0.      0.     ]
 [0.      0.      0.      0.      0.      0.      0.      0.      0.
  0.      0.      0.      0.      0.      0.     ]
 [0.      0.      0.      0.      0.      0.      0.      0.      0.
  0.      0.      0.      0.      0.      0.     ]
 [0.      0.      0.      0.      0.      0.      0.      0.      0.
  0.      0.      0.      0.      0.      0.     ]
 [0.      0.      0.      0.      0.      0.      0.      0.      0.
  0.      0.      0.      0.      0.      0.     ]
 [0.      0.      0.      0.      0.      0.      0.      0.      0.
  0.      0.      0.      0.      0.      0.     ]
 [0.      0.      0.      0.      0.      0.      0.      0.      0.
  0.      0.      0.      0.      0.      0.     ]]

100

1.0

32.93566

1.0









