[ 0.       -0.        0.       -0.       -0.       -0.        0.249249
  0.125868  0.250274  0.374609]


5


[[0.       0.       0.       0.       0.       0.       0.249249 0.125867
  0.2502   0.374683]
 [0.       0.       0.       0.       0.       0.       0.249249 0.125867
  0.2502   0.374683]
 [0.       0.       0.       0.       0.       0.       0.249249 0.125867
  0.2502   0.374683]
 [0.       0.       0.       0.       0.       0.       0.249249 0.125867
  0.250377 0.374506]
 [0.       0.       0.       0.       0.       0.       0.249249 0.125867
  0.250377 0.374506]
 [0.       0.       0.       0.       0.       0.       0.249249 0.125867
  0.250377 0.374506]
 [0.       0.       0.       0.       0.       0.       0.249249 0.125868
  0.250377 0.374506]
 [0.       0.       0.       0.       0.       0.       0.249249 0.125868
  0.250377 0.374506]
 [0.       0.       0.       0.       0.       0.       0.249249 0.125868
  0.250377 0.374506]
 [0.       0.       0.       0.       0.       0.       0.249249 0.125868
  0.250102 0.374781]]


[Decimal('0.0000738818488497106073964459937997162342071533203125'), Decimal('0.000073881848849655096245214735972695052623748779296875'), Decimal('0.000073881848849655096245214735972695052623748779296875'), Decimal('0.00010289813819974735764617435052059590816497802734375'), Decimal('0.00010289813819974735764617435052059590816497802734375'), Decimal('0.00010289813819974735764617435052059590816497802734375'), Decimal('0.00010289813819974735764617435052059590816497802734375'), Decimal('0.00010289813819974735764617435052059590816497802734375'), Decimal('0.00010289813819974735764617435052059590816497802734375'), Decimal('0.000171783202336739382332098102779127657413482666015625')]


[[0.   0.   0.   0.   0.   0.   0.26 0.09 0.25 0.4 ]
 [0.   0.   0.   0.   0.   0.01 0.23 0.16 0.24 0.36]
 [0.   0.01 0.   0.   0.   0.   0.24 0.14 0.24 0.37]
 [0.   0.   0.   0.01 0.01 0.   0.29 0.1  0.2  0.39]
 [0.   0.   0.   0.   0.   0.   0.25 0.14 0.23 0.38]
 [0.   0.   0.   0.   0.   0.   0.2  0.07 0.3  0.43]
 [0.   0.   0.   0.   0.   0.   0.21 0.13 0.29 0.37]
 [0.   0.   0.   0.   0.   0.   0.28 0.12 0.25 0.35]
 [0.   0.   0.   0.   0.   0.   0.29 0.08 0.24 0.39]
 [0.   0.   0.   0.   0.   0.   0.29 0.14 0.22 0.35]]


[[0.       0.       0.       0.       0.       0.       0.010751 0.035868
  0.000274 0.025391]
 [0.       0.       0.       0.       0.       0.01     0.019249 0.034132
  0.010274 0.014609]
 [0.       0.01     0.       0.       0.       0.       0.009249 0.014132
  0.010274 0.004609]
 [0.       0.       0.       0.01     0.01     0.       0.040751 0.025868
  0.050274 0.015391]
 [0.       0.       0.       0.       0.       0.       0.000751 0.014132
  0.020274 0.005391]
 [0.       0.       0.       0.       0.       0.       0.049249 0.055868
  0.049726 0.055391]
 [0.       0.       0.       0.       0.       0.       0.039249 0.004132
  0.039726 0.004609]
 [0.       0.       0.       0.       0.       0.       0.030751 0.005868
  0.000274 0.024609]
 [0.       0.       0.       0.       0.       0.       0.040751 0.045868
  0.010274 0.015391]
 [0.       0.       0.       0.       0.       0.       0.040751 0.014132
  0.030274 0.024609]]
