[  1   2   3   4   5   6   7   8   9  10  11  12  13  14  15  16  17  18
  19  20  21  22  23  24  25  26  27  28  29  30  31  32  33  34  35  36
  37  38  39  40  41  42  43  44  45  46  47  48  49  50  51  52  53  54
  55  56  57  58  59  60  61  62  63  64  65  66  67  68  69  70  71  72
  73  74  75  76  77  78  79  80  81  82  83  84  85  86  87  88  89  90
  91  92  93  94  95  96  97  98  99 100]

[0.17    0.34    0.37894 0.51    0.58042 0.68    0.68403 0.85    0.96751
 1.02    1.19    1.34818 1.36    1.41176 1.42854 1.53    1.7     1.82154
 1.8322  1.87    1.95447 2.04    2.04799 2.21    2.28558 2.38    2.55
 2.55658 2.72    2.88168 2.89    3.06    3.08876 3.23    3.33373 3.33614
 3.34452 3.4     3.57    3.74    3.79036 3.91    3.93906 4.08    4.25
 4.42    4.58999 4.59    4.73902 4.76    4.9179  4.93    4.93277 4.96933
 5.07077 5.1     5.16525 5.27    5.31985 5.44    5.61    5.73891 5.78
 5.90168 5.95    6.12    6.29    6.32415 6.46    6.63    6.75781 6.8
 6.85789 6.97    7.14    7.31    7.4394  7.48    7.5387  7.55365 7.58662
 7.65    7.82    7.85596 7.99    8.09474 8.1311  8.16    8.30277 8.33
 8.5     8.67    8.73793 8.78428 8.84    8.84535 8.86079 8.89338 9.01
 9.04468]

[1 1 2 1 2 1 2 1 2 1 1 2 1 2 2 1 1 2 2 1 2 1 2 1 2 1 1 2 1 2 1 1 2 1 2 2 2
 1 1 1 2 1 2 1 1 1 2 1 2 1 2 1 2 2 2 1 2 1 2 1 1 2 1 2 1 1 1 2 1 1 2 1 2 1
 1 1 2 1 2 2 2 1 1 2 1 2 2 1 2 1 1 1 2 2 1 2 2 2 1 2]


[ 1  2  1  2  1  2  1  2  1  2  3  2  3  2  1  2  3  2  1  2  1  2  1  2
  1  2  3  2  3  2  3  4  3  4  3  2  1  2  3  4  3  4  3  4  5  6  5  6
  5  6  5  6  5  4  3  4  3  4  3  4  5  4  5  4  5  6  7  6  7  8  7  8
  7  8  9 10  9 10  9  8  7  8  9  8  9  8  7  8  7  8  9 10  9  8  9  8
  7  6  7  6]

[0.20894 0.03894 0.20148 0.07042 0.10361 0.00403 0.28348 0.11751 0.46103
 0.32818 0.15818 0.08036 0.05176 0.01678 0.40366 0.3022  0.12154 0.01066
 0.21578 0.08447 0.09352 0.00799 0.5086  0.07558 0.271   0.17658 0.00658
 0.78794 0.16168 0.46285 0.44373 0.02876 0.24497 0.10373 0.0024  0.00839
 0.44583 0.39036 0.22036 0.05036 0.79964 0.02906 0.65093 0.50999 0.33999
 0.16999 0.14903 0.14902 0.17888 0.1579  0.01487 0.00277 0.03655 0.10145
 0.09448 0.06525 0.57365 0.04985 0.41906 0.29891 0.12891 0.16277 0.12168
 1.53772 0.37415 0.20415 0.03415 0.43366 0.29781 0.12781 0.10008 0.05789
 0.58151 0.4694  0.2994  0.1294  0.0993  0.0587  0.01495 0.03297 0.26934
 0.20596 0.03596 0.23878 0.10474 0.03636 0.17168 0.14277 0.43516 0.40793
 0.23793 0.06793 0.04635 0.06107 0.00535 0.01544 0.03259 0.1513  0.03468
 0.0514 ]

[0.17    0.17    0.13106 0.17    0.09958 0.17    0.16597 0.17    0.05249
 0.17    0.17    0.01182 0.17    0.11824 0.10146 0.17    0.17    0.04846
 0.0378  0.17    0.08553 0.17    0.16201 0.17    0.09442 0.17    0.17
 0.16342 0.17    0.00832 0.17    0.17    0.14124 0.17    0.06627 0.06386
 0.05548 0.17    0.17    0.17    0.11964 0.17    0.14094 0.17    0.17
 0.17    0.00001 0.17    0.02098 0.17    0.0121  0.17    0.16723 0.13067
 0.02923 0.17    0.10475 0.17    0.12015 0.17    0.17    0.04109 0.17
 0.04832 0.17    0.17    0.17    0.13585 0.17    0.17    0.04219 0.17
 0.11211 0.17    0.17    0.17    0.0406  0.17    0.1113  0.09635 0.06338
 0.17    0.17    0.13404 0.17    0.06526 0.0289  0.17    0.02723 0.17
 0.17    0.17    0.10207 0.05572 0.17    0.16465 0.14921 0.11662 0.17
 0.13532]

[ 1  2  1  3  2  4  3  5  4  6  7  6  8  8  5  9 10 10  7 11 11 12  9 13
 13 14 15 12 16 16 17 18 18 19 17 19 14 20 21 22 15 23 23 24 25 26 21 27
 20 28 22 29 25 29 24 30 28 31 31 32 33 30 34 27 35 36 37 35 38 39 36 40
 37 41 42 43 34 44 38 39 26 45 46 41 47 40 44 48 42 49 50 51 46 32 52 33
 48 50 53 45]



[ 1  2  2  1  1  2  2  1  1  2  3  1  2  1  3  1  2  3  1  2  1  2  2  1
  2  1  3  1  2  1  2  4  2  4  4  1  3  1  2  4  2  3  2  3  5 -1  1 -1
  4 -1  5 -1  5  3  4  3  3  4  3  4  5  1  3  3  1 -1 -1  1 -1 -1  1 -1
  3 -1 -1 -1  1 -1  3  2  3 -1 -1  1 -1  1  2 -1  2 -1 -1 -1  4  5 -1  4
  4  1 -1  2]



[ 1.  2.  3.  4.  5.  6.  7.  8.  9. 10. 11. 12. 13. 14. 15. 16. 17. 18.
 19. 20. 21. 22. 23. 24. 25. 26. 27. 28. 29. 30. 31. 32. 33. 34. 35. 36.
 37. 38. 39. 40. 41. 42. 43. 44. 45. 46. 47. 48. 49. 50. 51. 52. 53.  0.
  0.  0.  0.  0.  0.  0.  0.  0.  0.  0.  0.  0.  0.  0.  0.  0.  0.  0.
  0.  0.  0.  0.  0.  0.  0.  0.  0.  0.  0.  0.  0.  0.  0.  0.  0.  0.
  0.  0.  0.  0.  0.  0.  0.  0.  0.  0.]

[0.17 0.34 0.51 0.68 0.85 1.02 1.19 1.36 1.53 1.7  1.87 2.04 2.21 2.38
 2.55 2.72 2.89 3.06 3.23 3.4  3.57 3.74 3.91 4.08 4.25 4.42 4.59 4.76
 4.93 5.1  5.27 5.44 5.61 5.78 5.95 6.12 6.29 6.46 6.63 6.8  6.97 7.14
 7.31 7.48 7.65 7.82 7.99 8.16 8.33 8.5  8.67 8.84 9.01 0.   0.   0.
 0.   0.   0.   0.   0.   0.   0.   0.   0.   0.   0.   0.   0.   0.
 0.   0.   0.   0.   0.   0.   0.   0.   0.   0.   0.   0.   0.   0.
 0.   0.   0.   0.   0.   0.   0.   0.   0.   0.   0.   0.   0.   0.
 0.   0.  ]

[0. 0. 0. 0. 0. 0. 0. 0. 0. 0. 0. 0. 0. 0. 0. 0. 0. 0. 0. 0. 0. 0. 0. 0.
 0. 1. 1. 1. 1. 0. 0. 0. 0. 0. 0. 1. 2. 2. 3. 3. 3. 4. 5. 5. 3. 4. 4. 3.
 3. 4. 5. 4. 2. 0. 0. 0. 0. 0. 0. 0. 0. 0. 0. 0. 0. 0. 0. 0. 0. 0. 0. 0.
 0. 0. 0. 0. 0. 0. 0. 0. 0. 0. 0. 0. 0. 0. 0. 0. 0. 0. 0. 0. 0. 0. 0. 0.
 0. 0. 0. 0.]

[0.      0.      0.      0.      0.      0.      0.      0.      0.
 0.      0.      0.      0.      0.      0.      0.      0.      0.
 0.      0.      0.      0.      0.      0.      0.      2.18046 2.15948
 2.16836 2.01323 0.      0.      0.      0.      0.      0.      2.21461
 2.09637 2.36003 2.70801 2.6381  3.04961 3.00115 2.91561 2.84491 2.78617
 2.73771 2.80649 2.72298 2.98814 2.93968 2.85414 2.7071  2.0969  0.
 0.      0.      0.      0.      0.      0.      0.      0.      0.
 0.      0.      0.      0.      0.      0.      0.      0.      0.
 0.      0.      0.      0.      0.      0.      0.      0.      0.
 0.      0.      0.      0.      0.      0.      0.      0.      0.
 0.      0.      0.      0.      0.      0.      0.      0.      0.
 0.     ]

[0.17    5.95    0.51    0.68    0.85    1.02    1.19    1.36    1.53
 1.7     1.87    2.04    2.21    2.38    2.55    2.72    2.89    3.06
 3.23    3.4     3.57    3.74    3.91    4.08    4.25    4.58999 4.73902
 4.9179  4.93277 5.1     5.27    5.44    5.61    5.78    5.95    6.32415
 6.75781 6.85789 7.4394  7.5387  7.55365 7.58662 7.85596 8.09474 8.1311
 8.30277 8.73793 8.78428 8.84535 8.86079 8.89338 9.04468 0.      0.
 0.      0.      0.      0.      0.      0.      0.      0.      0.
 0.      0.      0.      0.      0.      0.      0.      0.      0.
 0.      0.      0.      0.      0.      0.      0.      0.      0.
 0.      0.      0.      0.      0.      0.      0.      0.      0.
 0.      0.      0.      0.      0.      0.      0.      0.      0.
 0.     ]

[0.20894 0.37415 0.17403 0.28751 0.57854 0.32818 0.6422  0.05176 0.51799
 0.12154 0.08447 0.51658 0.07558 0.96452 1.24036 0.16168 0.44373 0.02876
 0.10614 1.33902 1.01999 1.1779  0.02906 0.99077 0.68277 2.99662 1.16266
 0.24735 0.03655 0.63891 0.04985 3.34428 3.23535 1.6594  0.37415 0.43366
 0.10008 0.68081 0.11425 0.55604 0.30231 0.71616 1.31168 0.03636 0.91358
 0.43516 0.35815 0.07651 0.85657 0.03259 0.41607 2.12136 0.      0.
 0.      0.      0.      0.      0.      0.      0.      0.      0.
 0.      0.      0.      0.      0.      0.      0.      0.      0.
 0.      0.      0.      0.      0.      0.      0.      0.      0.
 0.      0.      0.      0.      0.      0.      0.      0.      0.
 0.      0.      0.      0.      0.      0.      0.      0.      0.
 0.     ]

[ 0.37894  6.32415  0.68403  0.96751  1.42854  1.34818  1.8322   1.41176
  2.04799  1.82154  1.95447  2.55658  2.28558  3.34452  3.79036  2.88168
  3.33373  3.08876  3.33614  4.73902  4.58999  4.9179   3.93906  5.07077
  4.93277  7.58662  5.90168  5.16525  4.96933  5.73891  5.31985  8.78428
  8.84535  7.4394   6.32415  6.75781  6.85789  7.5387   7.55365  8.09474
  7.85596  8.30277  9.16764  8.1311   9.04468  8.73793  9.09608  8.86079
  9.70192  8.89338  9.30945 11.16604  0.       0.       0.       0.
  0.       0.       0.       0.       0.       0.       0.       0.
  0.       0.       0.       0.       0.       0.       0.       0.
  0.       0.       0.       0.       0.       0.       0.       0.
  0.       0.       0.       0.       0.       0.       0.       0.
  0.       0.       0.       0.       0.       0.       0.       0.
  0.       0.       0.       0.     ]



[1. 2. 1. 2. 1. 2. 3. 2. 1. 2. 2. 2. 1. 1. 3. 2. 2. 4. 4. 1. 2. 4. 3. 3.
 5. 2. 1. 4. 5. 3. 4. 4. 5. 3. 1. 1. 1. 1. 3. 1. 3. 2. 3. 1. 1. 2. 2. 4.
 5. 4. 4. 1. 0. 0. 0. 0. 0. 0. 0. 0. 0. 0. 0. 0. 0. 0. 0. 0. 0. 0. 0. 0.
 0. 0. 0. 0. 0. 0. 0. 0. 0. 0. 0. 0. 0. 0. 0. 0. 0. 0. 0. 0. 0. 0. 0. 0.
 0. 0. 0. 0.]



[ 1. 10. 17. 14. 11.  8.  8.  9. 11.  8.  3.  0.  0.  0.  0.  0.  0.  0.
  0.  0.  0.  0.  0.  0.  0.  0.  0.  0.  0.  0.  0.  0.  0.  0.  0.  0.
  0.  0.  0.  0.  0.  0.  0.  0.  0.  0.  0.  0.  0.  0.  0.  0.  0.  0.
  0.  0.  0.  0.  0.  0.  0.  0.  0.  0.  0.  0.  0.  0.  0.  0.  0.  0.
  0.  0.  0.  0.  0.  0.  0.  0.  0.  0.  0.  0.  0.  0.  0.  0.  0.  0.
  0.  0.  0.  0.  0.  0.  0.  0.  0.  0.]

[0.17    1.1558  1.29833 1.49808 0.85788 0.66022 0.90216 0.54524 1.11299
 0.58794 0.25603 0.      0.      0.      0.      0.      0.      0.
 0.      0.      0.      0.      0.      0.      0.      0.      0.
 0.      0.      0.      0.      0.      0.      0.      0.      0.
 0.      0.      0.      0.      0.      0.      0.      0.      0.
 0.      0.      0.      0.      0.      0.      0.      0.      0.
 0.      0.      0.      0.      0.      0.      0.      0.      0.
 0.      0.      0.      0.      0.      0.      0.      0.      0.
 0.      0.      0.      0.      0.      0.      0.      0.      0.
 0.      0.      0.      0.      0.      0.      0.      0.      0.
 0.      0.      0.      0.      0.      0.      0.      0.      0.
 0.     ]

[0.01 0.1  0.17 0.14 0.11 0.08 0.08 0.09 0.11 0.08 0.03 0.   0.   0.
 0.   0.   0.   0.   0.   0.   0.   0.   0.   0.   0.   0.   0.   0.
 0.   0.   0.   0.   0.   0.   0.   0.   0.   0.   0.   0.   0.   0.
 0.   0.   0.   0.   0.   0.   0.   0.   0.   0.   0.   0.   0.   0.
 0.   0.   0.   0.   0.   0.   0.   0.   0.   0.   0.   0.   0.   0.
 0.   0.   0.   0.   0.   0.   0.   0.   0.   0.   0.   0.   0.   0.
 0.   0.   0.   0.   0.   0.   0.   0.   0.   0.   0.   0.   0.   0.
 0.   0.  ]

[0.0188  0.12779 0.14355 0.16563 0.09485 0.073   0.09975 0.06028 0.12305
 0.065   0.02831 0.      0.      0.      0.      0.      0.      0.
 0.      0.      0.      0.      0.      0.      0.      0.      0.
 0.      0.      0.      0.      0.      0.      0.      0.      0.
 0.      0.      0.      0.      0.      0.      0.      0.      0.
 0.      0.      0.      0.      0.      0.      0.      0.      0.
 0.      0.      0.      0.      0.      0.      0.      0.      0.
 0.      0.      0.      0.      0.      0.      0.      0.      0.
 0.      0.      0.      0.      0.      0.      0.      0.      0.
 0.      0.      0.      0.      0.      0.      0.      0.      0.
 0.      0.      0.      0.      0.      0.      0.      0.      0.
 0.     ]

100.0

9.04468

1.0

1.0

53

47

4.71

1.21254



0.75218





[15. 14.  9.  9.  4.]

[2.83791 5.86734 2.40349 4.74192 3.41104]

[6.20677 3.17734 6.64119 4.30276 5.63364]

[0.68623 0.35129 0.73427 0.47572 0.62287]





[  1   2   3   4   5   6   7   8   9  10  11  12  13  14  15  16  17  18
  19  20  21  22  23  24  25  26  27  28  29  30  31  32  33  34  35  36
  37  38  39  40  41  42  43  44  45  46  47  48  49  50  51  52  53  54
  55  56  57  58  59  60  61  62  63  64  65  66  67  68  69  70  71  72
  73  74  75  76  77  78  79  80  81  82  83  84  85  86  87  88  89  90
  91  92  93  94  95  96  97  98  99 100]

[0.13453 0.27549 0.28972 0.31805 0.36552 0.42336 0.43887 0.51964 0.68739
 0.72861 0.9962  1.00617 1.01709 1.0197  1.0233  1.14366 1.1604  1.4919
 1.65181 1.68425 1.78736 1.81572 1.83817 2.02961 2.06802 2.0793  2.1269
 2.27979 2.31589 2.49534 2.70325 2.72838 2.72861 2.83372 2.88178 2.96333
 2.99674 3.0156  3.05098 3.1329  3.1474  3.1617  3.20379 3.38918 3.43006
 3.48244 3.5519  3.59711 3.63149 3.78415 3.81778 3.98133 4.04365 4.09791
 4.83141 4.95974 5.03657 5.1512  5.24058 5.24764 5.33035 5.36334 5.40874
 5.40938 5.52437 5.56965 5.62125 5.63621 5.80409 6.08604 6.18238 6.23984
 6.26284 6.50231 6.53974 6.60365 6.73421 6.75107 6.85237 6.86317 6.97927
 7.31146 7.35363 7.37415 7.4491  7.4602  7.53462 7.62322 7.7714  8.46619
 8.55318 8.63605 8.81472 8.8245  9.16906 9.26482 9.31316 9.31474 9.5557
 9.76295]

[1 2 1 1 1 1 2 1 1 1 1 2 1 2 1 1 1 2 1 2 1 2 2 1 1 1 2 1 2 1 2 2 2 1 1 1 1
 1 2 2 2 2 2 2 2 2 2 1 2 1 1 1 2 2 2 2 1 2 1 2 1 2 1 1 1 2 1 2 1 1 1 1 2 2
 1 2 2 2 1 2 2 2 2 1 1 2 2 2 1 1 2 2 1 1 1 2 1 1 1 1]


[ 1  0  1  2  3  4  3  4  5  6  7  6  7  6  7  8  9  8  9  8  9  8  7  8
  9 10  9 10  9 10  9  8  7  8  9 10 11 12 11 10  9  8  7  6  5  4  3  4
  3  4  5  6  5  4  3  2  3  2  3  2  3  2  3  4  5  4  5  4  5  6  7  8
  7  6  7  6  5  4  5  4  3  2  1  2  3  2  1  0  1  2  1  0  1  2  3  2
  3  4  5  6]

[ 0.14096 -1.       1.526    1.36619  1.31872  0.01551  1.24538  0.50005
  0.31878  0.27756  0.00997  0.01353  0.00261  0.4722   0.46859  0.34823
  0.3315   0.19235  0.03244  0.13148  0.02836  0.02245  0.28873  0.09729
  0.05888  0.04761  0.18899  0.03611  0.38736  0.20791  0.02513  0.00023
  0.32237  0.21726  0.1692   0.08765  0.05424  0.03538  0.08192  0.0145
  0.0143   0.04209  0.18538  0.04088  0.05239  0.06946  0.07959  0.03438
  0.46643  0.2595   0.22587  0.06232  0.05426  0.7335   0.12833  0.19146
  0.11463  0.09644  0.00706  0.38857  0.03299  0.27286  0.16091  0.16026
  0.04528  0.06656  0.01495  0.62664  0.45875  0.1768   0.08046  0.023
  0.23946  0.10134  0.0639   0.13056  0.01687  0.1121   0.01081  0.11609
  0.33219  0.04217  0.10657  0.08605  0.01109  0.07442  0.0886  -1.
  0.86465  0.08699  0.08287 -1.       0.45011  0.44032  0.09576  0.81427
  0.76593  0.76435  0.52339  0.31614]

[0.1552  0.01423 0.02833 0.04747 0.05784 0.09628 0.08077 0.16774 0.04122
 0.26759 0.02089 0.01092 0.00621 0.00361 0.12036 0.01673 0.49141 0.15991
 0.13555 0.10312 0.24225 0.21389 0.19144 0.03841 0.01128 0.20049 0.15288
 0.21556 0.17945 0.33838 0.13047 0.10534 0.10511 0.04806 0.08154 0.03342
 0.01886 0.58151 0.54613 0.46421 0.44971 0.43541 0.39332 0.20794 0.16706
 0.11467 0.04521 0.18704 0.15266 0.03363 0.16355 1.05524 0.99292 0.93865
 0.20515 0.07683 0.20401 0.08938 0.08977 0.08271 0.07839 0.0454  0.00064
 0.11498 0.09689 0.05161 0.18284 0.16788 0.28195 0.09634 0.05746 0.2999
 0.2769  0.03744 0.31262 0.24872 0.11816 0.10129 0.52179 0.51098 0.39489
 0.0627  0.02052 0.07495 0.32229 0.3112  0.23678 0.14818 0.69479 0.34853
 0.26154 0.17867 0.00979 0.34456 0.1441  0.04833 0.00159 0.24096 0.20725
 0.14154]

[ 1  1  2  3  4  5  5  6  7  8  9  7 10  6 11 12 13  9 14  3 15  2 10 16
 17 18 12 19 11 20 14 13 15 21 22 23 24 25 16 18  4 21 19 22  8 17 25 26
 23 27 28 29 27 20 24 28 30 26 31 30 32 32 33 34 35 33 36 29 37 38 39 40
 34 37 41 35 38 40 42 36 42 41 39 43 44 31 44 43 45 46 46 45 47 48 49 47
 50 51 52 53]



[ 1  1  1  2  3  4  2  4  5 -1 -1  4 -1  4 -1 -1 -1  2 -1  1 -1  4  1 -1
 -1 -1  2 -1  1 -1  4  2  1 -1 -1 -1 -1 -1  2  3  3  1  3  5  4  5  1  4
  2  1  5 -1  2  3  5  4  2  2  3  1  2  1  2  4  5  1  2  4  1 -1 -1 -1
  1  5 -1  4  5  2  5  5  4  1  3  1  2  2  1  1  1  2  1  1  1  2  3  3
  1  4  5 -1]



[ 1.  2.  3.  4.  5.  6.  7.  8.  9. 10. 11. 12. 13. 14. 15. 16. 17. 18.
 19. 20. 21. 22. 23. 24. 25. 26. 27. 28. 29. 30. 31. 32. 33. 34. 35. 36.
 37. 38. 39. 40. 41. 42. 43. 44. 45. 46. 47. 48. 49. 50. 51. 52. 53.  0.
  0.  0.  0.  0.  0.  0.  0.  0.  0.  0.  0.  0.  0.  0.  0.  0.  0.  0.
  0.  0.  0.  0.  0.  0.  0.  0.  0.  0.  0.  0.  0.  0.  0.  0.  0.  0.
  0.  0.  0.  0.  0.  0.  0.  0.  0.  0.]

[0.13453 0.28972 0.31805 0.36552 0.42336 0.51964 0.68739 0.72861 0.9962
 1.01709 1.0233  1.14366 1.1604  1.65181 1.78736 2.02961 2.06802 2.0793
 2.27979 2.49534 2.83372 2.88178 2.96333 2.99674 3.0156  3.59711 3.78415
 3.81778 3.98133 5.03657 5.24058 5.33035 5.40874 5.40938 5.52437 5.62125
 5.80409 6.08604 6.18238 6.23984 6.53974 6.85237 7.37415 7.4491  7.7714
 8.46619 8.81472 8.8245  9.16906 9.31316 9.31474 9.5557  9.76295 0.
 0.      0.      0.      0.      0.      0.      0.      0.      0.
 0.      0.      0.      0.      0.      0.      0.      0.      0.
 0.      0.      0.      0.      0.      0.      0.      0.      0.
 0.      0.      0.      0.      0.      0.      0.      0.      0.
 0.      0.      0.      0.      0.      0.      0.      0.      0.
 0.     ]

[0. 0. 0. 0. 0. 0. 0. 1. 2. 2. 2. 3. 4. 4. 4. 3. 4. 5. 5. 5. 3. 4. 5. 6.
 7. 0. 0. 0. 1. 0. 0. 0. 0. 0. 0. 0. 0. 1. 2. 3. 2. 0. 0. 0. 0. 0. 0. 0.
 0. 0. 0. 0. 1. 0. 0. 0. 0. 0. 0. 0. 0. 0. 0. 0. 0. 0. 0. 0. 0. 0. 0. 0.
 0. 0. 0. 0. 0. 0. 0. 0. 0. 0. 0. 0. 0. 0. 0. 0. 0. 0. 0. 0. 0. 0. 0. 0.
 0. 0. 0. 0.]

[0.      0.      0.      0.      0.      0.      0.      6.31767 6.52228
 4.07931 5.16143 5.35226 6.22574 6.00297 6.09283 3.6134  4.32905 4.72207
 4.5171  5.02227 3.26818 3.44759 3.79375 5.20257 5.30556 0.      0.
 0.      4.73227 0.      0.      0.      0.      0.      0.      0.
 0.      4.52104 5.27602 5.36599 4.05141 0.      0.      0.      0.
 0.      0.      0.      0.      0.      0.      0.      4.27361 0.
 0.      0.      0.      0.      0.      0.      0.      0.      0.
 0.      0.      0.      0.      0.      0.      0.      0.      0.
 0.      0.      0.      0.      0.      0.      0.      0.      0.
 0.      0.      0.      0.      0.      0.      0.      0.      0.
 0.      0.      0.      0.      0.      0.      0.      0.      0.
 0.     ]

[0.13453 0.28972 0.31805 0.36552 0.42336 0.51964 0.68739 1.00617 1.0197
 1.4919  1.68425 1.81572 1.83817 2.1269  2.31589 2.70325 2.72838 2.72861
 3.05098 3.1329  3.1474  3.1617  3.20379 3.38918 3.43006 3.59711 3.78415
 3.81778 4.04365 5.03657 5.24058 5.33035 5.40874 5.40938 5.52437 5.62125
 5.80409 6.26284 6.50231 6.60365 6.73421 6.85237 7.37415 7.4491  7.7714
 8.46619 8.81472 8.8245  9.16906 9.31316 9.31474 9.5557  0.      0.
 0.      0.      0.      0.      0.      0.      0.      0.      0.
 0.      0.      0.      0.      0.      0.      0.      0.      0.
 0.      0.      0.      0.      0.      0.      0.      0.      0.
 0.      0.      0.      0.      0.      0.      0.      0.      0.
 0.      0.      0.      0.      0.      0.      0.      0.      0.
 0.     ]

[0.14096 1.526   1.36619 2.78188 0.01551 0.50005 0.31878 2.42389 0.4722
 0.34627 0.63165 0.31118 0.89021 0.57635 0.41272 0.34773 0.75406 0.40429
 0.15281 0.96501 0.0143  0.22747 0.4277  1.44224 0.12185 1.55409 0.2595
 1.14196 1.59255 0.21107 2.21962 0.03299 0.16091 0.85346 1.07928 1.24192
 0.69822 0.47136 0.85132 0.14743 0.57725 0.1269  0.24906 0.08552 0.86465
 0.08699 0.45011 1.72124 0.91003 0.86918 0.8197  1.00405 0.      0.
 0.      0.      0.      0.      0.      0.      0.      0.      0.
 0.      0.      0.      0.      0.      0.      0.      0.      0.
 0.      0.      0.      0.      0.      0.      0.      0.      0.
 0.      0.      0.      0.      0.      0.      0.      0.      0.
 0.      0.      0.      0.      0.      0.      0.      0.      0.
 0.     ]

[ 0.27549  1.81572  1.68425  3.1474   0.43887  1.0197   1.00617  3.43006
  1.4919   1.83817  2.31589  2.1269   2.72838  2.70325  2.72861  3.05098
  3.48244  3.1329   3.20379  4.09791  3.1617   3.38918  3.63149  4.83141
  3.5519   5.1512   4.04365  4.95974  5.63621  5.24764  7.4602   5.36334
  5.56965  6.26284  6.60365  6.86317  6.50231  6.73421  7.35363  6.75107
  7.31146  6.97927  7.62322  7.53462  8.63605  8.55318  9.26482 10.54574
 10.07909 10.18233 10.13444 10.55975  0.       0.       0.       0.
  0.       0.       0.       0.       0.       0.       0.       0.
  0.       0.       0.       0.       0.       0.       0.       0.
  0.       0.       0.       0.       0.       0.       0.       0.
  0.       0.       0.       0.       0.       0.       0.       0.
  0.       0.       0.       0.       0.       0.       0.       0.
  0.       0.       0.       0.     ]



[1. 1. 2. 3. 4. 4. 5. 5. 4. 4. 2. 1. 4. 1. 2. 1. 4. 2. 1. 2. 3. 3. 1. 3.
 5. 4. 1. 5. 1. 2. 3. 2. 2. 4. 5. 2. 1. 4. 1. 5. 4. 5. 1. 2. 1. 2. 1. 2.
 3. 1. 4. 5. 0. 0. 0. 0. 0. 0. 0. 0. 0. 0. 0. 0. 0. 0. 0. 0. 0. 0. 0. 0.
 0. 0. 0. 0. 0. 0. 0. 0. 0. 0. 0. 0. 0. 0. 0. 0. 0. 0. 0. 0. 0. 0. 0. 0.
 0. 0. 0. 0.]



[ 4.  6. 11. 13. 12. 10.  9.  9.  9.  9.  5.  2.  1.  0.  0.  0.  0.  0.
  0.  0.  0.  0.  0.  0.  0.  0.  0.  0.  0.  0.  0.  0.  0.  0.  0.  0.
  0.  0.  0.  0.  0.  0.  0.  0.  0.  0.  0.  0.  0.  0.  0.  0.  0.  0.
  0.  0.  0.  0.  0.  0.  0.  0.  0.  0.  0.  0.  0.  0.  0.  0.  0.  0.
  0.  0.  0.  0.  0.  0.  0.  0.  0.  0.  0.  0.  0.  0.  0.  0.  0.  0.
  0.  0.  0.  0.  0.  0.  0.  0.  0.  0.]

[0.47561 1.06586 1.01321 1.06077 1.84703 0.88852 0.64966 0.9757  0.45401
 0.85688 0.33954 0.10078 0.03538 0.      0.      0.      0.      0.
 0.      0.      0.      0.      0.      0.      0.      0.      0.
 0.      0.      0.      0.      0.      0.      0.      0.      0.
 0.      0.      0.      0.      0.      0.      0.      0.      0.
 0.      0.      0.      0.      0.      0.      0.      0.      0.
 0.      0.      0.      0.      0.      0.      0.      0.      0.
 0.      0.      0.      0.      0.      0.      0.      0.      0.
 0.      0.      0.      0.      0.      0.      0.      0.      0.
 0.      0.      0.      0.      0.      0.      0.      0.      0.
 0.      0.      0.      0.      0.      0.      0.      0.      0.
 0.     ]

[0.04 0.06 0.11 0.13 0.12 0.1  0.09 0.09 0.09 0.09 0.05 0.02 0.01 0.
 0.   0.   0.   0.   0.   0.   0.   0.   0.   0.   0.   0.   0.   0.
 0.   0.   0.   0.   0.   0.   0.   0.   0.   0.   0.   0.   0.   0.
 0.   0.   0.   0.   0.   0.   0.   0.   0.   0.   0.   0.   0.   0.
 0.   0.   0.   0.   0.   0.   0.   0.   0.   0.   0.   0.   0.   0.
 0.   0.   0.   0.   0.   0.   0.   0.   0.   0.   0.   0.   0.   0.
 0.   0.   0.   0.   0.   0.   0.   0.   0.   0.   0.   0.   0.   0.
 0.   0.  ]

[0.04872 0.10917 0.10378 0.10865 0.18919 0.09101 0.06654 0.09994 0.0465
 0.08777 0.03478 0.01032 0.00362 0.      0.      0.      0.      0.
 0.      0.      0.      0.      0.      0.      0.      0.      0.
 0.      0.      0.      0.      0.      0.      0.      0.      0.
 0.      0.      0.      0.      0.      0.      0.      0.      0.
 0.      0.      0.      0.      0.      0.      0.      0.      0.
 0.      0.      0.      0.      0.      0.      0.      0.      0.
 0.      0.      0.      0.      0.      0.      0.      0.      0.
 0.      0.      0.      0.      0.      0.      0.      0.      0.
 0.      0.      0.      0.      0.      0.      0.      0.      0.
 0.      0.      0.      0.      0.      0.      0.      0.      0.
 0.     ]

100.0

9.76295

1.0

1.0

53

47

5.19

2.49354



0.80535





[11. 12.  6. 11.  8.]

[ 8.79755 12.72236  6.71637  9.84351  9.70659]

[ 0.9654  -2.95941  3.04657 -0.08056  0.05636]

[ 0.09888 -0.30313  0.31205 -0.00825  0.00577]





[  1   2   3   4   5   6   7   8   9  10  11  12  13  14  15  16  17  18
  19  20  21  22  23  24  25  26  27  28  29  30  31  32  33  34  35  36
  37  38  39  40  41  42  43  44  45  46  47  48  49  50  51  52  53  54
  55  56  57  58  59  60  61  62  63  64  65  66  67  68  69  70  71  72
  73  74  75  76  77  78  79  80  81  82  83  84  85  86  87  88  89  90
  91  92  93  94  95  96  97  98  99 100]

[0.03415 0.05886 0.1547  0.21568 0.30993 0.34706 0.36372 0.58702 0.69183
 0.81986 0.82027 0.83629 0.93182 1.09781 1.33628 1.41302 1.42665 1.43059
 1.43625 1.46324 1.47003 1.53287 1.60284 1.7435  1.84728 1.94769 1.9499
 2.03804 2.18972 2.34704 2.37762 2.39696 2.40951 2.64136 2.81207 2.82049
 2.94452 2.97418 3.05012 3.51468 3.75563 3.77887 3.81559 3.95877 4.21944
 4.29754 4.40462 4.53856 4.7482  4.77809 4.90756 4.96578 5.15824 5.20943
 5.31245 5.35883 5.38258 5.44054 5.50357 5.58909 5.59039 5.59827 5.6241
 5.64547 5.74251 5.7898  5.94447 6.07705 6.07807 6.16355 6.21526 6.32035
 6.37877 6.41197 6.45667 6.5406  6.70772 6.89078 6.90568 6.99096 7.07477
 7.26977 7.2705  7.37262 7.77523 7.78823 7.81804 7.92588 8.09312 8.10866
 8.16541 8.38397 8.70773 8.95169 9.05879 9.09148 9.12697 9.24794 9.29084
 9.42093]

[1 1 1 1 3 1 3 1 3 1 3 3 1 1 3 3 1 3 1 3 1 3 1 1 1 3 1 3 1 1 3 3 3 1 3 1 1
 1 3 3 1 1 1 3 1 3 3 3 1 3 3 1 1 3 3 1 1 1 3 1 1 3 1 3 1 3 3 3 1 3 3 1 1 3
 3 1 1 3 1 3 1 3 3 1 3 1 1 3 3 1 3 3 1 1 1 1 3 1 3 1]


[1 2 3 4 3 4 3 4 3 4 3 2 3 4 3 2 3 2 3 2 3 2 3 4 5 4 5 4 5 6 5 4 3 4 3 4 5
 6 5 4 5 6 7 6 7 6 5 4 5 4 3 4 5 4 3 4 5 6 5 6 7 6 7 6 7 6 5 4 5 4 3 4 5 4
 3 4 5 4 5 4 5 4 3 4 3 4 5 4 3 4 3 2 3 4 5 6 5 6 5 6]

[0.78613 0.30486 0.15524 0.09425 0.05379 0.01666 0.45655 0.10481 0.12845
 0.00041 0.01602 0.57673 0.40446 0.23847 0.07673 0.01757 0.00394 0.03265
 0.02699 0.06963 0.06284 0.87663 0.80667 0.29453 0.10041 0.09035 0.08814
 0.37147 0.1879  0.03059 0.01933 0.01255 1.54926 0.17071 1.14669 0.22963
 0.1056  0.07594 0.46457 0.44408 0.20314 0.1799  0.14317 0.33877 0.0781
 0.10709 0.13394 0.23952 0.02989 0.12947 0.30187 0.24365 0.05119 0.10302
 0.19111 0.14474 0.12099 0.06303 0.0947  0.00918 0.00788 0.0472  0.02137
 0.14433 0.04729 0.15468 0.13257 0.08651 0.08548 0.05171 0.2414  0.13632
 0.0332  0.0447  0.81383 0.35018 0.18306 0.10018 0.08529 0.2788  0.19499
 0.00073 0.50474 0.40261 0.15065 0.13765 0.10784 0.16724 0.07229 0.05676
 0.21855 0.90687 0.58312 0.33915 0.06818 0.0355  0.16387 0.0429  0.31709
 0.187  ]

[0.02471 0.09584 0.06098 0.13139 0.03713 0.23995 0.2233  0.23284 0.12803
 0.11196 0.11155 0.09553 0.16599 0.32884 0.09037 0.01364 0.0096  0.00566
 0.03378 0.00679 0.1328  0.06996 0.14067 0.10378 0.10262 0.00221 0.23982
 0.15169 0.15731 0.29432 0.26373 0.2444  0.23185 0.17913 0.00842 0.12403
 0.02966 0.78145 0.70551 0.24094 0.02324 0.03672 0.40384 0.26067 0.52877
 0.45066 0.34358 0.20964 0.21758 0.18769 0.05822 0.19246 0.2006  0.1494
 0.04638 0.02374 0.05796 0.14855 0.08552 0.0013  0.03371 0.02583 0.11841
 0.09704 0.33556 0.28828 0.1336  0.00103 0.24228 0.1568  0.10509 0.05842
 0.16183 0.12863 0.08394 0.16712 0.19795 0.01489 0.1691  0.08381 0.29785
 0.10286 0.10213 0.41561 0.013   0.02981 0.29061 0.18277 0.01553 0.59907
 0.54231 0.32376 0.24397 0.1071  0.03268 0.15647 0.12097 0.17299 0.13009
 0.06102]

[ 1  2  3  4  3  5  2  6  6  7  1  4  8  9  8  5 10  9 11 10 12  7 13 14
 15 15 16 14 17 18 17 18 12 19 19 20 21 22 20 21 23 24 25 11 26 22 13 24
 27 16 27 28 29 25 23 30 31 32 28 33 34 26 35 31 36 34 30 33 37 35 32 38
 39 39 36 40 41 40 42 41 43 42 29 44 38 45 46 43 37 47 46 47 48 49 50 51
 50 52 44 53]



[ 1  2  3  4  2  3  1  2  1  2  4  3  1  4  3  4  1  1  3  2  1  1  2  4
  5  4  5  1  4 -1  4  1  3  1  3  1  4 -1  4  3  4 -1 -1  1 -1  2  3  5
  3  3  1  3  5  4  3  1  4 -1  2 -1 -1  4 -1  4 -1  1  2  4  2  3  1  3
  4  1  5  1  4  4  1  1  4  5  3  1  4  3  5  2  5  2  2  1  2  4  5 -1
  1 -1  4 -1]



[ 1.  2.  3.  4.  5.  6.  7.  8.  9. 10. 11. 12. 13. 14. 15. 16. 17. 18.
 19. 20. 21. 22. 23. 24. 25. 26. 27. 28. 29. 30. 31. 32. 33. 34. 35. 36.
 37. 38. 39. 40. 41. 42. 43. 44. 45. 46. 47. 48. 49. 50. 51. 52. 53.  0.
  0.  0.  0.  0.  0.  0.  0.  0.  0.  0.  0.  0.  0.  0.  0.  0.  0.  0.
  0.  0.  0.  0.  0.  0.  0.  0.  0.  0.  0.  0.  0.  0.  0.  0.  0.  0.
  0.  0.  0.  0.  0.  0.  0.  0.  0.  0.]

[0.03415 0.05886 0.1547  0.21568 0.34706 0.58702 0.81986 0.93182 1.09781
 1.42665 1.43625 1.47003 1.60284 1.7435  1.84728 1.9499  2.18972 2.34704
 2.64136 2.82049 2.94452 2.97418 3.75563 3.77887 3.81559 4.21944 4.7482
 4.96578 5.15824 5.35883 5.38258 5.44054 5.58909 5.59039 5.6241  5.74251
 6.07807 6.32035 6.37877 6.5406  6.70772 6.90568 7.07477 7.37262 7.78823
 7.81804 8.10866 8.70773 8.95169 9.05879 9.09148 9.24794 9.42093 0.
 0.      0.      0.      0.      0.      0.      0.      0.      0.
 0.      0.      0.      0.      0.      0.      0.      0.      0.
 0.      0.      0.      0.      0.      0.      0.      0.      0.
 0.      0.      0.      0.      0.      0.      0.      0.      0.
 0.      0.      0.      0.      0.      0.      0.      0.      0.
 0.     ]

[0. 0. 0. 0. 0. 0. 0. 0. 0. 0. 0. 0. 0. 0. 0. 0. 0. 1. 0. 0. 0. 1. 0. 1.
 2. 2. 0. 0. 0. 0. 0. 1. 1. 2. 2. 2. 0. 0. 0. 0. 0. 0. 0. 0. 0. 0. 0. 0.
 0. 0. 1. 1. 1. 0. 0. 0. 0. 0. 0. 0. 0. 0. 0. 0. 0. 0. 0. 0. 0. 0. 0. 0.
 0. 0. 0. 0. 0. 0. 0. 0. 0. 0. 0. 0. 0. 0. 0. 0. 0. 0. 0. 0. 0. 0. 0. 0.
 0. 0. 0. 0.]

[0.      0.      0.      0.      0.      0.      0.      0.      0.
 0.      0.      0.      0.      0.      0.      0.      0.      3.46096
 0.      0.      0.      2.3132  0.      4.36373 5.23891 6.13785 0.
 0.      0.      0.      0.      4.27331 4.16045 4.30348 2.57846 2.53093
 0.      0.      0.      0.      0.      0.      0.      0.      0.
 0.      0.      0.      0.      0.      2.92076 3.58205 2.54173 0.
 0.      0.      0.      0.      0.      0.      0.      0.      0.
 0.      0.      0.      0.      0.      0.      0.      0.      0.
 0.      0.      0.      0.      0.      0.      0.      0.      0.
 0.      0.      0.      0.      0.      0.      0.      0.      0.
 0.      0.      0.      0.      0.      0.      0.      0.      0.
 0.     ]

[0.03415 0.05886 0.1547  0.21568 0.34706 0.58702 0.81986 0.93182 1.09781
 1.42665 1.43625 1.47003 1.60284 1.7435  1.84728 1.9499  2.18972 2.37762
 2.64136 2.82049 2.94452 3.05012 3.75563 3.95877 4.29754 4.40462 4.7482
 4.96578 5.15824 5.35883 5.38258 5.50357 5.59827 5.64547 5.7898  5.94447
 6.07807 6.32035 6.37877 6.5406  6.70772 6.90568 7.07477 7.37262 0.
 7.81804 8.10866 0.      0.      9.05879 0.      0.      0.      0.
 0.      0.      0.      0.      0.      0.      0.      0.      0.
 0.      0.      0.      0.      0.      0.      0.      0.      0.
 0.      0.      0.      0.      0.      0.      0.      0.      0.
 0.      0.      0.      0.      0.      0.      0.      0.      0.
 0.      0.      0.      0.      0.      0.      0.      0.      0.
 0.     ]

[0.78613 0.30486 0.15524 0.62061 1.06595 0.10481 0.71302 0.40446 0.33278
 0.03659 2.52251 0.93947 2.80179 0.29453 0.10041 2.82819 0.1879  0.01933
 0.17071 0.22963 0.57017 1.24742 1.55683 0.5798  0.91189 1.19364 0.15936
 0.53779 2.11226 0.58564 0.26289 0.7117  0.47878 0.14433 0.37376 0.51219
 2.01505 1.45489 0.0332  0.35018 0.28324 0.36409 0.85111 1.91822 0.
 0.34737 0.27531 0.      0.      0.06818 0.      0.      0.      0.
 0.      0.      0.      0.      0.      0.      0.      0.      0.
 0.      0.      0.      0.      0.      0.      0.      0.      0.
 0.      0.      0.      0.      0.      0.      0.      0.      0.
 0.      0.      0.      0.      0.      0.      0.      0.      0.
 0.      0.      0.      0.      0.      0.      0.      0.      0.
 0.     ]

[0.82027 0.36372 0.30993 0.83629 1.41302 0.69183 1.53287 1.33628 1.43059
 1.46324 3.95877 2.40951 4.40462 2.03804 1.94769 4.77809 2.37762 2.39696
 2.81207 3.05012 3.51468 4.29754 5.31245 4.53856 5.20943 5.59827 4.90756
 5.50357 7.2705  5.94447 5.64547 6.21526 6.07705 5.7898  6.16355 6.45667
 8.09312 7.77523 6.41197 6.89078 6.99096 7.26977 7.92588 9.29084 0.
 8.16541 8.38397 0.      0.      9.12697 0.      0.      0.      0.
 0.      0.      0.      0.      0.      0.      0.      0.      0.
 0.      0.      0.      0.      0.      0.      0.      0.      0.
 0.      0.      0.      0.      0.      0.      0.      0.      0.
 0.      0.      0.      0.      0.      0.      0.      0.      0.
 0.      0.      0.      0.      0.      0.      0.      0.      0.
 0.     ]



[1. 2. 3. 4. 3. 2. 2. 1. 4. 1. 3. 1. 2. 4. 5. 5. 4. 4. 1. 1. 4. 1. 4. 3.
 1. 2. 3. 3. 5. 1. 4. 3. 2. 4. 4. 1. 2. 3. 4. 1. 4. 1. 4. 1. 3. 5. 2. 2.
 4. 5. 0. 0. 0. 0. 0. 0. 0. 0. 0. 0. 0. 0. 0. 0. 0. 0. 0. 0. 0. 0. 0. 0.
 0. 0. 0. 0. 0. 0. 0. 0. 0. 0. 0. 0. 0. 0. 0. 0. 0. 0. 0. 0. 0. 0. 0. 0.
 0. 0. 0. 0.]



[ 1.  0.  7. 22. 30. 22. 13.  5.  0.  0.  0.  0.  0.  0.  0.  0.  0.  0.
  0.  0.  0.  0.  0.  0.  0.  0.  0.  0.  0.  0.  0.  0.  0.  0.  0.  0.
  0.  0.  0.  0.  0.  0.  0.  0.  0.  0.  0.  0.  0.  0.  0.  0.  0.  0.
  0.  0.  0.  0.  0.  0.  0.  0.  0.  0.  0.  0.  0.  0.  0.  0.  0.  0.
  0.  0.  0.  0.  0.  0.  0.  0.  0.  0.  0.  0.  0.  0.  0.  0.  0.  0.
  0.  0.  0.  0.  0.  0.  0.  0.  0.  0.]

[0.03415 0.02471 0.61119 2.06968 3.10476 2.34736 0.93127 0.29781 0.
 0.      0.      0.      0.      0.      0.      0.      0.      0.
 0.      0.      0.      0.      0.      0.      0.      0.      0.
 0.      0.      0.      0.      0.      0.      0.      0.      0.
 0.      0.      0.      0.      0.      0.      0.      0.      0.
 0.      0.      0.      0.      0.      0.      0.      0.      0.
 0.      0.      0.      0.      0.      0.      0.      0.      0.
 0.      0.      0.      0.      0.      0.      0.      0.      0.
 0.      0.      0.      0.      0.      0.      0.      0.      0.
 0.      0.      0.      0.      0.      0.      0.      0.      0.
 0.      0.      0.      0.      0.      0.      0.      0.      0.
 0.     ]

[0.01 0.   0.07 0.22 0.3  0.22 0.13 0.05 0.   0.   0.   0.   0.   0.
 0.   0.   0.   0.   0.   0.   0.   0.   0.   0.   0.   0.   0.   0.
 0.   0.   0.   0.   0.   0.   0.   0.   0.   0.   0.   0.   0.   0.
 0.   0.   0.   0.   0.   0.   0.   0.   0.   0.   0.   0.   0.   0.
 0.   0.   0.   0.   0.   0.   0.   0.   0.   0.   0.   0.   0.   0.
 0.   0.   0.   0.   0.   0.   0.   0.   0.   0.   0.   0.   0.   0.
 0.   0.   0.   0.   0.   0.   0.   0.   0.   0.   0.   0.   0.   0.
 0.   0.  ]

[0.00362 0.00262 0.06488 0.21969 0.32956 0.24916 0.09885 0.03161 0.
 0.      0.      0.      0.      0.      0.      0.      0.      0.
 0.      0.      0.      0.      0.      0.      0.      0.      0.
 0.      0.      0.      0.      0.      0.      0.      0.      0.
 0.      0.      0.      0.      0.      0.      0.      0.      0.
 0.      0.      0.      0.      0.      0.      0.      0.      0.
 0.      0.      0.      0.      0.      0.      0.      0.      0.
 0.      0.      0.      0.      0.      0.      0.      0.      0.
 0.      0.      0.      0.      0.      0.      0.      0.      0.
 0.      0.      0.      0.      0.      0.      0.      0.      0.
 0.      0.      0.      0.      0.      0.      0.      0.      0.
 0.     ]

100.0

9.42093

1.0

1.0

53

47

4.23

1.02991



0.73443





[13.  9.  9. 14.  6.]

[5.4554  5.27468 0.28216 3.18698 0.94203]

[3.96553 4.14625 9.13877 6.23396 8.4789 ]

[0.42093 0.44011 0.97005 0.66171 0.90001]





4.83114

0.02491

4.85605

0.00425

0.82797





4.83106

0.19079

5.02185

0.03253

0.85624

8.05229498e-08
0.0





  0.      0.
 0.      0.      0.      0.      0.      0.      0.      0.      0.
 0.      0.      0.      0.      0.      0.      0.      0.      0.
 0.      0.      0.      0.      0.      0.      0.      0.      0.
 0.      0.      0.      0.      0.      0.      0.      0.      0.
 0.      0.      0.      0.      0.      0.      0.      0.      0.
 0.      0.      0.      0.      0.      0.      0.      0.      0.
 0.     ]

100.0

10.70564

1.0

1.0

56

44

8.19

8.67257



0.7925





[ 5. 17. 10. 11.  3.]

[ 8.11749 11.99645  8.97483  5.29083  3.58832]

[ 2.58815 -1.29081  1.73081  5.41482  7.11733]

[ 0.24176 -0.12057  0.16167  0.50579  0.66482]





4.83114

0.02491

4.85605

0.00425

0.82797





4.83106

0.19079

5.02185

0.03253

0.85624

8.05229498e-08
0.0





