Задание 1
[0.00583, 0.01271, 0.01437, 0.01571, 0.01712, 0.02169, 0.02224, 0.02245, 0.0278, 0.02899, 0.03676, 0.03986, 0.05087, 0.05246, 0.06153, 0.06197, 0.07207, 0.07258, 0.07542, 0.08319, 0.08803, 0.08889, 0.09666, 0.10873, 0.11179, 0.11451, 0.11814, 0.12643, 0.14496, 0.14625, 0.14729, 0.15506, 0.15872, 0.15921, 0.16182, 0.16422, 0.16532, 0.16606, 0.16612, 0.17843, 0.18752, 0.18829, 0.19103, 0.19181, 0.19218, 0.20668, 0.21108, 0.21578, 0.2193, 0.22047, 0.22525, 0.22889, 0.23171, 0.23441, 0.23889, 0.24231, 0.24299, 0.24873, 0.2532, 0.25338, 0.26445, 0.26713, 0.27871, 0.28065, 0.28146, 0.2818, 0.28343, 0.29441, 0.30781, 0.31592, 0.31786, 0.31837, 0.321, 0.32586, 0.32848, 0.33463, 0.33519, 0.33707, 0.33935, 0.35218, 0.36653, 0.39379, 0.39636, 0.39735, 0.40663, 0.40694, 0.42547, 0.44137, 0.44591, 0.44614, 0.45316, 0.46425, 0.47792, 0.47896, 0.4794, 0.48383, 0.48544, 0.48635, 0.49399, 0.4981, 0.49935, 0.50391, 0.51527, 0.54345, 0.54827, 0.55238, 0.55448, 0.55884, 0.57546, 0.57747, 0.58011, 0.59191, 0.59716, 0.60877, 0.61427, 0.615, 0.61899, 0.6315, 0.64002, 0.6438, 0.65269, 0.65537, 0.65958, 0.6666, 0.67296, 0.67874, 0.68418, 0.70416, 0.7042, 0.72983, 0.73679, 0.74403, 0.75401, 0.75419, 0.76124, 0.7669, 0.76953, 0.76955, 0.7935, 0.80641, 0.81015, 0.82341, 0.84597, 0.86823, 0.87103, 0.87931, 0.88205, 0.88578, 0.88832, 0.89675, 0.90047, 0.90103, 0.91136, 0.94307, 0.94434, 0.94867, 0.96416, 0.97494, 0.98031, 0.98366, 0.99399, 1.04608, 1.05002, 1.06065, 1.08712, 1.14577, 1.20799, 1.21272, 1.2415, 1.24723, 1.26062, 1.27559, 1.29706, 1.35496, 1.36441, 1.43015, 1.4372, 1.43878, 1.46276, 1.4675, 1.54816, 1.56621, 1.56642, 1.66464, 1.68521, 1.76549, 1.83692, 1.86181, 1.92154, 1.97023, 2.02619, 2.05666, 2.08651, 2.15408, 2.18966, 2.21054, 2.27584, 2.37156, 2.37736, 3.47755]
[0, 0.43469, 0.86939, 1.30408, 1.73877, 2.17347, 2.60816, 3.04286, 3.47755]
[87, 57, 29, 12, 9, 5, 0, 1]
200
[0.435, 0.285, 0.145, 0.06, 0.045, 0.025, 0.0, 0.005]
1.0
[0, 0.43469, 0.86939, 1.30408, 1.73877, 2.17347, 2.60816, 3.04286, 3.47755]
[1.4423, 0.7705, 0.41161, 0.21989, 0.11747, 0.06275, 0.03352, 0.01791, 0.00957]
[0.0, 0.46579, 0.71462, 0.84754, 0.91856, 0.95649, 0.97676, 0.98758, 0.99337]
[0.46579, 0.24883, 0.13293, 0.07101, 0.03794, 0.02027, 0.01083, 0.01242]
1.0
[0, 0.43469, 0.86939, 1.30408, 1.73877, 2.17347, 2.60816, 3.04286, 3.47755]
[0.435, 0.285, 0.145, 0.06, 0.045, 0.025, 0.0, 0.005]
1.0
[0.46579, 0.24883, 0.13293, 0.07101, 0.03794, 0.02027, 0.01083, 0.01242]
1.0
[0.03079, 0.03617, 0.01207, 0.01101, 0.00706, 0.00473, 0.01083, 0.00742]
0.03617
[0.40696, 1.05157, 0.21926, 0.34153, 0.26311, 0.2212, 2.16524, 0.88602]
5.5549

Задание 2
[-1.67046, -1.60799, -1.00514, -0.68905, -0.65297, -0.57746, -0.57104, -0.5352, -0.51954, -0.51887, -0.50449, -0.41808, -0.41601, -0.4143, -0.36351, -0.32632, -0.25179, -0.25163, -0.24485, -0.24358, -0.17766, -0.13516, -0.12383, -0.04131, 0.01681, 0.11235, 0.20638, 0.21113, 0.24592, 0.24618, 0.26305, 0.26333, 0.26832, 0.27944, 0.29311, 0.30441, 0.31365, 0.33717, 0.35489, 0.35775, 0.36705, 0.41194, 0.4527, 0.46257, 0.49125, 0.49265, 0.49294, 0.50248, 0.5335, 0.5345, 0.54415, 0.56871, 0.6433, 0.655, 0.69058, 0.69532, 0.69913, 0.70509, 0.70619, 0.70852, 0.7266, 0.75314, 0.7715, 0.77461, 0.77905, 0.78103, 0.78376, 0.78952, 0.79233, 0.83012, 0.83646, 0.86161, 0.8684, 0.8694, 0.87469, 0.87717, 0.91645, 0.98281, 0.98511, 0.99772, 0.99794, 0.99819, 1.01074, 1.058, 1.07254, 1.07622, 1.13188, 1.17355, 1.18987, 1.22189, 1.22422, 1.22832, 1.24173, 1.25149, 1.26223, 1.26465, 1.26531, 1.30179, 1.34834, 1.38639, 1.39604, 1.40918, 1.4159, 1.45039, 1.45196, 1.45649, 1.48454, 1.50408, 1.51367, 1.52409, 1.52737, 1.53098, 1.54063, 1.54254, 1.57608, 1.58629, 1.59389, 1.61054, 1.63657, 1.64747, 1.64958, 1.65331, 1.65645, 1.65828, 1.66006, 1.66152, 1.73337, 1.76563, 1.78484, 1.7882, 1.85233, 1.85254, 1.87, 1.88552, 1.89312, 1.89455, 1.93329, 1.9687, 2.04095, 2.04421, 2.04859, 2.11193, 2.11255, 2.13136, 2.1763, 2.18862, 2.25014, 2.30288, 2.34132, 2.35009, 2.36921, 2.37526, 2.38678, 2.3893, 2.39197, 2.39267, 2.40915, 2.46199, 2.47467, 2.48092, 2.4822, 2.50029, 2.53595, 2.54401, 2.61648, 2.63247, 2.64152, 2.69114, 2.70751, 2.74079, 2.7435, 2.75295, 2.772, 2.77579, 2.7917, 2.86728, 2.88261, 2.88522, 2.91597, 2.91672, 2.95677, 2.97226, 3.04611, 3.04706, 3.11943, 3.19009, 3.23153, 3.25616, 3.30493, 3.32481, 3.3451, 3.35553, 3.38322, 3.44068, 3.57286, 3.74643, 3.83315, 4.21158, 4.26113, 4.3998]
[-1.67046, -0.91168, -0.1529, 0.60589, 1.36467, 2.12345, 2.88224, 3.64102, 4.3998]
[3, 18, 31, 47, 44, 33, 19, 5]
200
[0.015, 0.09, 0.155, 0.235, 0.22, 0.165, 0.095, 0.025]
1.0
[-1.67046, -0.91168, -0.1529, 0.60589, 1.36467, 2.12345, 2.88224, 3.64102, 4.3998]
[-2.5765, -1.94111, -1.30572, -0.67033, -0.03495, 0.60044, 1.23583, 1.87122, 2.50661]
[0.01209, 0.05077, 0.14243, 0.26684, 0.33386, 0.27896, 0.15566, 0.05801, 0.01444]
[0.00499, 0.02612, 0.09582, 0.25132, 0.48606, 0.72589, 0.89174, 0.96934, 0.99391]
[0.02612, 0.0697, 0.1555, 0.23474, 0.23983, 0.16585, 0.0776, 0.03066]
1.0
[-1.67046, -0.91168, -0.1529, 0.60589, 1.36467, 2.12345, 2.88224, 3.64102, 4.3998]
[0.015, 0.09, 0.155, 0.235, 0.22, 0.165, 0.095, 0.025]
1.0
[0.02612, 0.0697, 0.1555, 0.23474, 0.23983, 0.16585, 0.0776, 0.03066]
1.0
[0.01112, 0.0203, 0.0005, 0.00026, 0.01983, 0.00085, 0.0174, 0.00566]
0.0203
[0.94714, 1.18233, 0.00032, 6e-05, 0.32801, 0.00086, 0.77997, 0.2088]
3.44749

Задание 3
[0.60401, 0.61947, 0.66475, 0.699, 0.70137, 0.73715, 0.76114, 0.76138, 0.77011, 0.78614, 0.79789, 0.80024, 0.80442, 0.81233, 0.81927, 0.83509, 0.86988, 0.8718, 0.87237, 0.87393, 0.87747, 0.88431, 0.89097, 0.89397, 0.89681, 0.91213, 0.92135, 0.92895, 0.94387, 0.95918, 0.96078, 0.96663, 0.97294, 0.97956, 0.99391, 1.01462, 1.02003, 1.04418, 1.04978, 1.05954, 1.07346, 1.07565, 1.07898, 1.09206, 1.13584, 1.1378, 1.14694, 1.14817, 1.14874, 1.15615, 1.17334, 1.17367, 1.19845, 1.1994, 1.20819, 1.21325, 1.22406, 1.23435, 1.25136, 1.26679, 1.30352, 1.32455, 1.32465, 1.3459, 1.35849, 1.36937, 1.37576, 1.3758, 1.39593, 1.40535, 1.40785, 1.4127, 1.4171, 1.41934, 1.43609, 1.44885, 1.4636, 1.47479, 1.48038, 1.4991, 1.50133, 1.50328, 1.52095, 1.52368, 1.52681, 1.53932, 1.54239, 1.55341, 1.592, 1.62652, 1.62841, 1.63859, 1.65987, 1.66786, 1.67131, 1.69975, 1.7287, 1.74173, 1.74565, 1.75007, 1.76009, 1.76319, 1.77365, 1.78702, 1.79972, 1.8144, 1.81466, 1.81616, 1.85078, 1.85865, 1.85966, 1.88687, 1.88943, 1.89037, 1.90012, 1.90767, 1.91245, 1.9227, 1.93149, 1.94263, 1.97266, 1.97646, 1.97961, 1.98375, 2.00098, 2.00952, 2.01633, 2.02147, 2.05778, 2.06027, 2.08915, 2.09428, 2.09499, 2.1139, 2.11928, 2.14441, 2.17237, 2.18454, 2.18617, 2.20077, 2.21776, 2.23878, 2.23896, 2.25165, 2.25551, 2.26028, 2.28114, 2.29392, 2.32731, 2.34675, 2.36926, 2.37443, 2.40315, 2.406, 2.43128, 2.43269, 2.43942, 2.44607, 2.45107, 2.4541, 2.46744, 2.47342, 2.50076, 2.50577, 2.51601, 2.54559, 2.5488, 2.55662, 2.58813, 2.62008, 2.64072, 2.64926, 2.66263, 2.66653, 2.69859, 2.7116, 2.71963, 2.7223, 2.72527, 2.73251, 2.73331, 2.78562, 2.82976, 2.84769, 2.85829, 2.86102, 2.86762, 2.9001, 2.91193, 2.91515, 2.94638, 2.97624, 2.98715, 2.9916, 2.99352, 3.00578, 3.01429, 3.01849, 3.04601, 3.05531]
[0.6, 0.9075, 1.215, 1.5225, 1.83, 2.1375, 2.445, 2.7525, 3.06]
[25, 31, 27, 25, 27, 22, 24, 19]
200
[0.125, 0.155, 0.135, 0.125, 0.135, 0.11, 0.12, 0.095]
1.0
[0.6, 0.9075, 1.215, 1.5225, 1.83, 2.1375, 2.445, 2.7525, 3.06]
[0.4065, 0.4065, 0.4065, 0.4065, 0.4065, 0.4065, 0.4065, 0.4065, 0.4065]
[0.0, 0.125, 0.25, 0.375, 0.5, 0.625, 0.75, 0.875, 1.0]
[0.125, 0.125, 0.125, 0.125, 0.125, 0.125, 0.125, 0.125]
1.0
[0.6, 0.9075, 1.215, 1.5225, 1.83, 2.1375, 2.445, 2.7525, 3.06]
[0.125, 0.155, 0.135, 0.125, 0.135, 0.11, 0.12, 0.095]
1.0
[0.125, 0.125, 0.125, 0.125, 0.125, 0.125, 0.125, 0.125]
1.0
[0.0, 0.03, 0.01, 0.0, 0.01, 0.015, 0.005, 0.03]
0.03
[0.0, 1.44, 0.16, 0.0, 0.16, 0.36, 0.04, 1.44]
3.6

Задание 4
[0.6, 3.06, 200, 0.05717, 0.80846, 2.02147, 0.57783, 0.635, 0.63, 1]

Задание 5
[1.53, 200, 0.00511, 0.07227, 3.47755, 0.99511, 0.995, 0.99, 1]
