Задание 1
Таблица 1
(1,2)
[1.2537, 0.99942, 3.00421, 2.17165, 1.84264, 1.23393, 0.64832]
(1,3)
[1.2537, 1.76761, 3.00421, 5.32755, 1.84264, 3.7473, -0.97207]
(2,3)
[0.99942, 1.76761, 2.17165, 5.32755, 1.23393, 3.7473, -1.53926]
Таблица 2
(1,2)
[0.64832, 2.02439, 1]
(1,3)
[0.97207, 2.02439, 1]
(2,3)
[1.53926, 2.02439, 1]
Задание 2
Таблица 1
[102.29336, 0.01531, 102.27804, 0.00766, 1.79435, 2, 57, 0.00427]
Таблица 2
[0.00427, 0.05, 3.15884, 1]
Задание 3
Таблица 1
(1,2)
[0.49645, 0.05, 1]
(1,3)
[0.24737, 0.05, 1]
(2,3)
[0.07627, 0.05, 1]
Задание 4
Таблица 1
(1,2)
[0.49649, 0.05, 1]
(1,3)
[0.2477, 0.05, 1]
(2,3)
[0.077, 0.05, 1]
Задание 5
Таблица 1
[0.17205, 0.05, 1]
Задание 6
Таблица 1
(1,2)
[1.84264, 1.23393, 19, 19, 1.49332]
(1,3)
[1.84264, 3.7473, 19, 19, 2.03366]
(2,3)
[1.23393, 3.7473, 19, 19, 3.0369]
Таблица 2
(1,2)
[1.49332, 2.52645, 1]
(1,3)
[2.03366, 2.52645, 1]
(2,3)
[3.0369, 2.52645, 0]
Задание 7
Таблица 1
[0.37181, 0.05, 1]
