[  1   2   3   4   5   6   7   8   9  10  11  12  13  14  15  16  17  18
  19  20  21  22  23  24  25  26  27  28  29  30  31  32  33  34  35  36
  37  38  39  40  41  42  43  44  45  46  47  48  49  50  51  52  53  54
  55  56  57  58  59  60  61  62  63  64  65  66  67  68  69  70  71  72
  73  74  75  76  77  78  79  80  81  82  83  84  85  86  87  88  89  90
  91  92  93  94  95  96  97  98  99 100]

[ 0.784    0.84363  1.568    2.28927  2.352    3.136    3.92     4.3691
  4.704    5.02772  5.488    5.9373   6.272    7.056    7.66099  7.84
  8.13     8.624    9.408   10.192   10.976   11.44885 11.76    11.76489
 12.544   13.328   13.35321 14.112   14.64581 14.896   15.23402 15.68
 16.464   16.50055 17.248   17.50391 18.032   18.816   19.22027 19.6
 19.86642 20.384   21.168   21.952   22.12646 22.736   22.80853 23.52
 23.73296 24.304   25.088   25.83565 25.872   25.87828 26.656   27.44
 27.83576 28.224   29.008   29.23096 29.792   30.576   30.82086 31.36
 32.144   32.54124 32.928   33.712   33.92247 34.496   35.28    35.55865
 36.064   36.848   36.91783 37.632   38.349   38.416   38.79576 39.2
 39.22985 39.984   40.34761 40.768   40.93764 41.552   42.0509  42.336
 42.43077 43.12    43.904   44.34495 44.688   45.472   46.256   47.04
 47.824   48.608   48.72052 49.392  ]

[1 3 1 3 1 2 2 3 1 3 1 3 1 2 3 1 3 1 2 2 2 3 1 3 1 2 3 1 3 1 3 1 2 3 1 3 1
 2 3 1 3 1 2 2 3 1 3 1 3 1 2 3 1 3 1 2 3 1 2 3 1 2 3 1 2 3 1 2 3 1 2 3 1 2
 3 1 3 1 3 1 3 1 3 1 3 1 3 1 3 1 2 3 1 2 2 2 2 2 3 1]


[1 0 1 0 1 1 1 0 1 0 1 0 1 1 0 1 0 1 1 1 1 0 1 0 1 1 0 1 0 1 0 1 1 0 1 0 1
 1 0 1 0 1 1 1 0 1 0 1 0 1 1 0 1 0 1 1 0 1 1 0 1 1 0 1 1 0 1 1 0 1 1 0 1 1
 0 1 0 1 0 1 0 1 0 1 0 1 0 1 0 1 1 0 1 1 1 1 1 1 0 1]

[ 0.05963 -1.       0.72127 -1.       2.0171   1.2331   0.4491  -1.
  0.32372 -1.       0.4493  -1.       1.38899  0.60499 -1.       0.29
 -1.       2.82485  2.04085  1.25685  0.47285 -1.       0.00489 -1.
  0.80921  0.02521 -1.       0.53381 -1.       0.33802 -1.       0.82055
  0.03655 -1.       0.25591 -1.       1.18827  0.40427 -1.       0.26642
 -1.       1.74246  0.95846  0.17446 -1.       0.07253 -1.       0.21296
 -1.       1.53165  0.74765 -1.       0.00628 -1.       1.17976  0.39576
 -1.       1.00696  0.22296 -1.       1.02886  0.24486 -1.       1.18124
  0.39724 -1.       0.99447  0.21047 -1.       1.06265  0.27865 -1.
  0.85383  0.06983 -1.       0.717   -1.       0.37976 -1.       0.02985
 -1.       0.36361 -1.       0.16964 -1.       0.4989  -1.       0.09477
 -1.       1.22495  0.44095 -1.       4.03252  3.24852  2.46452  1.68052
  0.89652  0.11252 -1.       0.14152]

[0.784   0.72437 0.784   0.06273 0.784   0.784   0.784   0.3349  0.784
 0.46028 0.784   0.3347  0.784   0.784   0.17901 0.784   0.494   0.784
 0.784   0.784   0.784   0.31115 0.784   0.77911 0.784   0.784   0.75879
 0.784   0.25019 0.784   0.44598 0.784   0.784   0.74745 0.784   0.52809
 0.784   0.784   0.37973 0.784   0.51758 0.784   0.784   0.784   0.60954
 0.784   0.71147 0.784   0.57104 0.784   0.784   0.03635 0.784   0.77772
 0.784   0.784   0.38824 0.784   0.784   0.56104 0.784   0.784   0.53914
 0.784   0.784   0.38676 0.784   0.784   0.57353 0.784   0.784   0.50535
 0.784   0.784   0.71417 0.784   0.067   0.784   0.40424 0.784   0.75415
 0.784   0.42039 0.784   0.61436 0.784   0.2851  0.784   0.68923 0.784
 0.784   0.34305 0.784   0.784   0.784   0.784   0.784   0.784   0.67148
 0.784  ]

[ 1  1  2  2  3  4  5  3  6  6  7  7  8  9  8 10 10 11 12 13 14 11 15 15
 16 17 16 18 18 19 19 20 21 20 22 22 23 24 23 25 25 26 27 28 26 29 29 30
 30 31 32 31 33 33 34 35 34 36 37 36 38 39 38 40 41 40 42 43 42 44 45 44
 46 47 46 48 48 49 49 50 50 51 51 52 52 53 53 54 54 55 56 55 57 58 59 60
 61 62 57 63]



[ 1.  2.  3.  4.  5.  6.  7.  8.  9. 10. 11. 12. 13. 14. 15. 16. 17. 18.
 19. 20. 21. 22. 23. 24. 25. 26. 27. 28. 29. 30. 31. 32. 33. 34. 35. 36.
 37. 38. 39. 40. 41. 42. 43. 44. 45. 46. 47. 48. 49. 50. 51. 52. 53. 54.
 55. 56. 57. 58. 59. 60. 61. 62. 63.  0.  0.  0.  0.  0.  0.  0.  0.  0.
  0.  0.  0.  0.  0.  0.  0.  0.  0.  0.  0.  0.  0.  0.  0.  0.  0.  0.
  0.  0.  0.  0.  0.  0.  0.  0.  0.  0.]

[ 0.784  1.568  2.352  3.136  3.92   4.704  5.488  6.272  7.056  7.84
  8.624  9.408 10.192 10.976 11.76  12.544 13.328 14.112 14.896 15.68
 16.464 17.248 18.032 18.816 19.6   20.384 21.168 21.952 22.736 23.52
 24.304 25.088 25.872 26.656 27.44  28.224 29.008 29.792 30.576 31.36
 32.144 32.928 33.712 34.496 35.28  36.064 36.848 37.632 38.416 39.2
 39.984 40.768 41.552 42.336 43.12  43.904 44.688 45.472 46.256 47.04
 47.824 48.608 49.392  0.     0.     0.     0.     0.     0.     0.
  0.     0.     0.     0.     0.     0.     0.     0.     0.     0.
  0.     0.     0.     0.     0.     0.     0.     0.     0.     0.
  0.     0.     0.     0.     0.     0.     0.     0.     0.     0.   ]

[0.05963 0.72127 2.0171  0.      0.      0.32372 0.4493  1.38899 0.
 0.29    2.82485 0.      0.      0.      0.00489 0.80921 0.      0.53381
 0.33802 0.82055 0.      0.25591 1.18827 0.      0.26642 1.74246 0.
 0.      0.07253 0.21296 1.53165 0.      0.00628 1.17976 0.      1.00696
 0.      1.02886 0.      1.18124 0.      0.99447 0.      1.06265 0.
 0.85383 0.      0.717   0.37976 0.02985 0.36361 0.16964 0.4989  0.09477
 1.22495 0.      4.03252 0.      0.      0.      0.      0.      0.14152
 0.      0.      0.      0.      0.      0.      0.      0.      0.
 0.      0.      0.      0.      0.      0.      0.      0.      0.
 0.      0.      0.      0.      0.      0.      0.      0.      0.
 0.      0.      0.      0.      0.      0.      0.      0.      0.
 0.     ]

[ 0.84363  2.28927  4.3691   3.136    3.92     5.02772  5.9373   7.66099
  7.056    8.13    11.44885  9.408   10.192   10.976   11.76489 13.35321
 13.328   14.64581 15.23402 16.50055 16.464   17.50391 19.22027 18.816
 19.86642 22.12646 21.168   21.952   22.80853 23.73296 25.83565 25.088
 25.87828 27.83576 27.44    29.23096 29.008   30.82086 30.576   32.54124
 32.144   33.92247 33.712   35.55865 35.28    36.91783 36.848   38.349
 38.79576 39.22985 40.34761 40.93764 42.0509  42.43077 44.34495 43.904
 48.72052 45.472   46.256   47.04    47.824   48.608    0.       0.
  0.       0.       0.       0.       0.       0.       0.       0.
  0.       0.       0.       0.       0.       0.       0.       0.
  0.       0.       0.       0.       0.       0.       0.       0.
  0.       0.       0.       0.       0.       0.       0.       0.
  0.       0.       0.       0.     ]



37

63

0.37

0.63

18.5739

30.8181

0.37605

0.62395



63

37

25

0.39683

0.36304







[  1   2   3   4   5   6   7   8   9  10  11  12  13  14  15  16  17  18
  19  20  21  22  23  24  25  26  27  28  29  30  31  32  33  34  35  36
  37  38  39  40  41  42  43  44  45  46  47  48  49  50  51  52  53  54
  55  56  57  58  59  60  61  62  63  64  65  66  67  68  69  70  71  72
  73  74  75  76  77  78  79  80  81  82  83  84  85  86  87  88  89  90
  91  92  93  94  95  96  97  98  99 100]

[ 0.40117  1.19517  1.41476  2.20876  4.58009  4.6124   5.37409  6.16809
  6.18247  6.97647  6.99085  7.0021   7.69723  7.78485  8.57885  9.37285
  9.47945 10.27345 10.38005 11.17405 12.04    12.834   13.28489 13.45645
 13.74606 14.07889 14.87289 15.66689 15.92192 16.71592 16.97094 17.76494
 18.53691 18.72687 19.33091 20.12491 20.34376 21.13776 21.35661 21.43276
 22.15061 25.02326 25.38679 25.45373 26.38053 26.68356 26.7693  26.83159
 26.8715  27.6655  28.4595  29.2535  30.0475  30.8415  31.57525 32.36925
 33.10301 33.22472 33.83036 33.89701 34.69101 35.48501 36.3322  37.1262
 37.9734  38.58814 38.67087 38.7674  39.14258 39.15073 39.92843 40.72243
 41.51643 42.31043 42.7471  43.5411  43.97777 44.22533 44.40376 44.77177
 45.20933 45.28048 46.07448 46.86848 47.25783 48.05183 48.44117 49.23517
 49.46922 50.26322 51.33802 52.02781 52.13202 53.01951 53.12223 53.71078
 54.45522 54.47823 55.27223 56.06623]

[1 2 1 2 1 1 2 2 1 2 1 1 1 2 2 2 1 2 1 2 1 2 1 1 1 2 2 2 1 2 1 2 1 1 2 2 1
 2 1 1 2 1 1 2 1 1 1 1 2 2 2 2 2 2 1 2 1 1 1 2 2 2 1 2 1 1 1 2 1 1 2 2 2 2
 1 2 1 1 1 2 1 2 2 2 1 2 1 2 1 2 1 1 2 1 1 2 1 2 2 2]


[1 0 1 0 1 2 1 0 1 0 1 2 3 2 1 0 1 0 1 0 1 0 1 2 3 2 1 0 1 0 1 0 1 2 1 0 1
 0 1 2 1 2 3 2 3 4 5 6 5 4 3 2 1 0 1 0 1 2 3 2 1 0 1 0 1 2 3 2 3 4 3 2 1 0
 1 0 1 2 3 2 3 2 1 0 1 0 1 0 1 0 1 2 1 2 3 2 3 2 1 0]

[ 0.794   -1.       0.794   -1.       0.794    0.76169  0.794   -1.
  0.794   -1.       0.794    0.78275  0.08762  0.794    0.794   -1.
  0.794   -1.       0.794   -1.       0.794   -1.       0.794    0.62245
  0.33284  0.794    0.794   -1.       0.794   -1.       0.794   -1.
  0.794    0.60403  0.794   -1.       0.794   -1.       0.794    0.71785
  0.794    0.43047  0.06693  0.794    0.49097  0.18794  0.1022   0.03991
  0.794    0.794    0.794    0.794    0.794   -1.       0.794   -1.
  0.794    0.67229  0.06665  0.794    0.794   -1.       0.794   -1.
  0.794    0.17926  0.09653  0.794    0.78585  0.7777   0.794    0.794
  0.794   -1.       0.794   -1.       0.794    0.54643  0.368    0.794
  0.07115  0.794    0.794   -1.       0.794   -1.       0.794   -1.
  0.794   -1.       0.794    0.10421  0.794    0.69127  0.58855  0.794
  0.02301  0.794    0.794   -1.     ]

[1.01359 0.21959 3.16533 2.37133 0.03231 1.26603 0.      0.01438 0.80838
 0.01438 0.01125 0.69513 0.68404 0.      0.      0.1066  0.9006  0.1066
 1.65995 0.86595 1.2449  0.4509  0.17155 0.28961 1.70368 0.      0.
 0.25503 1.04903 0.25503 1.56596 0.77196 0.18997 1.4156  0.      0.21885
 1.01285 0.21885 0.07615 2.87265 0.      0.36353 0.92681 0.      0.30303
 0.08573 0.0623  0.78023 0.      0.      0.      0.      0.      0.73375
 1.52775 0.73375 0.12171 0.60564 0.55115 0.      0.      0.8472  1.6412
 0.8472  0.61474 0.08273 0.37518 0.      0.00815 3.16347 0.      0.
 0.      0.43667 1.23067 0.43667 0.24757 0.17843 0.43756 0.      0.72285
 0.      0.      0.38935 1.18335 0.38935 1.02804 0.23404 1.8688  1.0748
 0.68979 0.88749 0.      0.10273 0.74444 0.      0.77099 0.      0.
 0.25905]

[ 1  1  2  2  3  4  3  4  5  5  6  7  8  6  7  8  9  9 10 10 11 11 12 13
 14 12 13 14 15 15 16 16 17 18 17 18 19 19 20 21 20 22 23 21 24 25 26 27
 22 23 24 25 26 27 28 28 29 30 31 29 30 31 32 32 33 34 35 33 36 37 34 35
 36 37 38 38 39 40 41 39 42 40 41 42 43 43 44 44 45 45 46 47 46 48 49 47
 50 48 49 50]



[ 1.  2.  3.  4.  5.  6.  7.  8.  9. 10. 11. 12. 13. 14. 15. 16. 17. 18.
 19. 20. 21. 22. 23. 24. 25. 26. 27. 28. 29. 30. 31. 32. 33. 34. 35. 36.
 37. 38. 39. 40. 41. 42. 43. 44. 45. 46. 47. 48. 49. 50.  0.  0.  0.  0.
  0.  0.  0.  0.  0.  0.  0.  0.  0.  0.  0.  0.  0.  0.  0.  0.  0.  0.
  0.  0.  0.  0.  0.  0.  0.  0.  0.  0.  0.  0.  0.  0.  0.  0.  0.  0.
  0.  0.  0.  0.  0.  0.  0.  0.  0.  0.]

[ 0.40117  1.41476  4.58009  4.6124   6.18247  6.99085  7.0021   7.69723
  9.47945 10.38005 12.04    13.28489 13.45645 13.74606 15.92192 16.97094
 18.53691 18.72687 20.34376 21.35661 21.43276 25.02326 25.38679 26.38053
 26.68356 26.7693  26.83159 31.57525 33.10301 33.22472 33.83036 36.3322
 37.9734  38.58814 38.67087 39.14258 39.15073 42.7471  43.97777 44.22533
 44.40376 45.20933 47.25783 48.44117 49.46922 51.33802 52.02781 53.01951
 53.12223 54.45522  0.       0.       0.       0.       0.       0.
  0.       0.       0.       0.       0.       0.       0.       0.
  0.       0.       0.       0.       0.       0.       0.       0.
  0.       0.       0.       0.       0.       0.       0.       0.
  0.       0.       0.       0.       0.       0.       0.       0.
  0.       0.       0.       0.       0.       0.       0.       0.
  0.       0.       0.       0.     ]

[0. 0. 0. 1. 0. 0. 1. 2. 0. 0. 0. 0. 1. 2. 0. 0. 0. 1. 0. 0. 1. 1. 2. 2.
 3. 4. 5. 0. 0. 1. 2. 0. 0. 1. 2. 2. 3. 0. 0. 1. 2. 2. 0. 0. 0. 0. 1. 1.
 2. 2. 0. 0. 0. 0. 0. 0. 0. 0. 0. 0. 0. 0. 0. 0. 0. 0. 0. 0. 0. 0. 0. 0.
 0. 0. 0. 0. 0. 0. 0. 0. 0. 0. 0. 0. 0. 0. 0. 0. 0. 0. 0. 0. 0. 0. 0. 0.
 0. 0. 0. 0.]

[0.      0.      0.      0.03231 0.      0.      0.01125 1.50038 0.
 0.      0.      0.      0.17155 1.25516 0.      0.      0.      0.18997
 0.      0.      0.07615 0.36353 1.52107 1.09703 2.19406 3.0738  3.93009
 0.      0.      0.12171 1.52135 0.      0.      0.61474 1.49147 0.80215
 1.6043  0.      0.      0.24757 1.22    1.51685 0.      0.      0.
 0.      0.68979 0.10273 0.99945 1.56499 0.      0.      0.      0.
 0.      0.      0.      0.      0.      0.      0.      0.      0.
 0.      0.      0.      0.      0.      0.      0.      0.      0.
 0.      0.      0.      0.      0.      0.      0.      0.      0.
 0.      0.      0.      0.      0.      0.      0.      0.      0.
 0.      0.      0.      0.      0.      0.      0.      0.      0.
 0.     ]

[ 0.40117  1.41476  4.58009  5.08443  6.18247  6.99085  7.58727  6.99085
  9.47945 10.38005 12.04    13.28489 14.65574 13.28489 15.92192 16.97094
 18.53691 19.34847 20.34376 21.35661 23.51141 25.5196  26.81782 26.0775
 26.8715  27.6655  28.4595  31.57525 33.10301 33.58751 33.10301 36.3322
 37.9734  38.25205 41.5202  39.13443 39.92843 42.7471  43.97777 44.04733
 45.13818 44.48648 47.25783 48.44117 49.46922 51.33802 52.12129 53.07267
 54.43221 53.68423 54.47823  0.       0.       0.       0.       0.
  0.       0.       0.       0.       0.       0.       0.       0.
  0.       0.       0.       0.       0.       0.       0.       0.
  0.       0.       0.       0.       0.       0.       0.       0.
  0.       0.       0.       0.       0.       0.       0.       0.
  0.       0.       0.       0.       0.       0.       0.       0.
  0.       0.       0.       0.     ]

[0.    0.794 0.794 0.794 0.794 0.794 0.794 0.794 0.794 0.794 0.794 0.794
 0.794 0.794 0.794 0.794 0.794 0.794 0.794 0.794 0.794 0.794 0.794 0.794
 0.794 0.794 0.794 0.794 0.794 0.794 0.794 0.794 0.794 0.794 0.794 0.794
 0.794 0.794 0.794 0.794 0.794 0.794 0.794 0.794 0.794 0.794 0.794 0.794
 0.794 0.794 0.794 0.    0.    0.    0.    0.    0.    0.    0.    0.
 0.    0.    0.    0.    0.    0.    0.    0.    0.    0.    0.    0.
 0.    0.    0.    0.    0.    0.    0.    0.    0.    0.    0.    0.
 0.    0.    0.    0.    0.    0.    0.    0.    0.    0.    0.    0.
 0.    0.    0.    0.   ]

[ 0.       1.19517  2.20876  5.37409  6.16809  6.97647  7.78485  8.57885
  9.37285 10.27345 11.17405 12.834   14.07889 14.87289 15.66689 16.71592
 17.76494 19.33091 20.12491 21.13776 22.15061 25.45373 26.8715  27.6655
 28.4595  29.2535  30.0475  30.8415  32.36925 33.89701 34.69101 35.48501
 37.1262  38.7674  39.92843 40.72243 41.51643 42.31043 43.5411  44.77177
 45.28048 46.07448 46.86848 48.05183 49.23517 50.26322 52.13202 53.71078
 54.47823 55.27223 56.06623  0.       0.       0.       0.       0.
  0.       0.       0.       0.       0.       0.       0.       0.
  0.       0.       0.       0.       0.       0.       0.       0.
  0.       0.       0.       0.       0.       0.       0.       0.
  0.       0.       0.       0.       0.       0.       0.       0.
  0.       0.       0.       0.       0.       0.       0.       0.
  0.       0.       0.       0.     ]



[25. 35. 22. 13.  3.  2.  1.  0.  0.  0.  0.  0.  0.  0.  0.  0.  0.  0.
  0.  0.  0.  0.  0.  0.  0.  0.  0.  0.  0.  0.  0.  0.  0.  0.  0.  0.
  0.  0.  0.  0.  0.  0.  0.  0.  0.  0.  0.  0.  0.  0.  0.  0.  0.  0.
  0.  0.  0.  0.  0.  0.  0.  0.  0.  0.  0.  0.  0.  0.  0.  0.  0.  0.
  0.  0.  0.  0.  0.  0.  0.  0.  0.  0.  0.  0.  0.  0.  0.  0.  0.  0.
  0.  0.  0.  0.  0.  0.  0.  0.  0.  0.]

[12.39339 24.97117 12.54758  3.60046  1.65743  0.8563   0.03991  0.
  0.       0.       0.       0.       0.       0.       0.       0.
  0.       0.       0.       0.       0.       0.       0.       0.
  0.       0.       0.       0.       0.       0.       0.       0.
  0.       0.       0.       0.       0.       0.       0.       0.
  0.       0.       0.       0.       0.       0.       0.       0.
  0.       0.       0.       0.       0.       0.       0.       0.
  0.       0.       0.       0.       0.       0.       0.       0.
  0.       0.       0.       0.       0.       0.       0.       0.
  0.       0.       0.       0.       0.       0.       0.       0.
  0.       0.       0.       0.       0.       0.       0.       0.
  0.       0.       0.       0.       0.       0.       0.       0.
  0.       0.       0.       0.     ]

[0.25 0.35 0.22 0.13 0.03 0.02 0.01 0.   0.   0.   0.   0.   0.   0.
 0.   0.   0.   0.   0.   0.   0.   0.   0.   0.   0.   0.   0.   0.
 0.   0.   0.   0.   0.   0.   0.   0.   0.   0.   0.   0.   0.   0.
 0.   0.   0.   0.   0.   0.   0.   0.   0.   0.   0.   0.   0.   0.
 0.   0.   0.   0.   0.   0.   0.   0.   0.   0.   0.   0.   0.   0.
 0.   0.   0.   0.   0.   0.   0.   0.   0.   0.   0.   0.   0.   0.
 0.   0.   0.   0.   0.   0.   0.   0.   0.   0.   0.   0.   0.   0.
 0.   0.  ]

[0.22105 0.44539 0.2238  0.06422 0.02956 0.01527 0.00071 0.      0.
 0.      0.      0.      0.      0.      0.      0.      0.      0.
 0.      0.      0.      0.      0.      0.      0.      0.      0.
 0.      0.      0.      0.      0.      0.      0.      0.      0.
 0.      0.      0.      0.      0.      0.      0.      0.      0.
 0.      0.      0.      0.      0.      0.      0.      0.      0.
 0.      0.      0.      0.      0.      0.      0.      0.      0.
 0.      0.      0.      0.      0.      0.      0.      0.      0.
 0.      0.      0.      0.      0.      0.      0.      0.      0.
 0.      0.      0.      0.      0.      0.      0.      0.      0.
 0.      0.      0.      0.      0.      0.      0.      0.      0.
 0.     ]

50

50

1.45

0.55827



1.44037

0.21851









[  1   2   3   4   5   6   7   8   9  10  11  12  13  14  15  16  17  18
  19  20  21  22  23  24  25  26  27  28  29  30  31  32  33  34  35  36
  37  38  39  40  41  42  43  44  45  46  47  48  49  50  51  52  53  54
  55  56  57  58  59  60  61  62  63  64  65  66  67  68  69  70  71  72
  73  74  75  76  77  78  79  80  81  82  83  84  85  86  87  88  89  90
  91  92  93  94  95  96  97  98  99 100]

[ 2.20718  2.47248  2.57574  2.69863  5.09102  5.14332  5.37061  6.0897
  6.22091  6.41454  6.63169  6.71561  7.30728  7.34283  8.65509  9.24898
  9.4908   9.51033  9.53498  9.63526 10.08803 10.69651 10.72426 11.8559
 12.49155 14.84244 15.2273  15.73183 16.67794 17.94348 18.43712 18.82736
 21.47074 24.50436 24.84412 25.28406 25.51644 25.94722 26.40754 26.49583
 26.66103 26.977   28.16505 29.53506 29.85526 29.91399 30.32624 30.54795
 31.11294 31.54614 31.80832 31.89859 32.04351 32.10009 32.48789 32.78563
 33.68971 34.1039  35.04059 35.47774 36.04459 36.20554 37.04858 37.30979
 38.21426 38.24465 39.85648 40.42118 40.90666 41.08184 41.90794 44.05476
 44.08975 45.37077 46.64994 46.82769 49.21012 49.28518 49.36175 49.4775
 49.67578 49.86632 49.98067 50.51367 51.24926 51.5936  53.77426 53.80284
 54.03816 54.17059 54.63834 54.98961 55.23852 56.22195 56.94243 57.23012
 61.01642 62.70703 64.32332 65.3517 ]

[1 1 1 1 1 2 1 1 2 1 2 2 2 2 1 1 1 2 1 2 1 1 1 1 2 2 2 2 2 2 2 2 1 1 2 1 1
 1 1 1 1 1 2 1 2 2 2 2 1 1 2 2 2 2 1 2 2 1 2 2 1 2 1 2 1 2 1 2 1 1 2 1 2 2
 1 2 1 2 1 2 1 1 1 1 2 2 1 2 2 2 1 2 1 2 1 2 1 2 1 1]


[1 2 3 4 5 4 5 6 5 6 5 4 3 2 3 4 5 4 5 4 5 6 7 8 7 6 5 4 3 2 1 0 1 2 1 2 3
 4 5 6 7 8 7 8 7 6 5 4 5 6 5 4 3 2 3 2 1 2 1 0 1 0 1 0 1 0 1 0 1 2 1 2 1 0
 1 0 1 0 1 0 1 2 3 4 3 2 3 2 1 0 1 0 1 0 1 0 1 0 1 2]

[ 2.93613  2.67083  2.56757  2.44469  0.0523   1.56938  0.8503   0.13121
  1.52942  0.21715  0.08391  0.59168  0.03554  1.44913  0.85524  0.26135
  0.01953  0.55305  0.10028  3.01199  2.40352  1.79504  1.76729  0.63565
  2.3509   0.38485  0.50454  0.94611  1.26553  0.49364  0.39024 -1.
  3.37338  0.33976  3.11338  2.88099  2.6486   2.21783  1.75751  1.66922
  1.50401  1.18805  0.88519  0.32019  0.05873  0.41225  0.22171  1.12859
  0.69538  0.26218  0.09027  0.14492  0.05658  0.71193  0.29774  0.90408
  4.02732  0.93669  0.43715 -1.       0.16095 -1.       0.2612  -1.
  0.03039 -1.       0.5647  -1.       1.00129  0.8261   0.27255  0.035
  1.28102 -1.       0.17775 -1.       0.07506 -1.       0.11575 -1.
  1.57348  1.38294  1.26859  0.73559  0.34434  0.83776  0.02858  0.23532
  0.13243 -1.       0.35127 -1.       0.98344 -1.       0.28769 -1.
  1.69061 -1.       2.12868  1.10029]

[0.2653  0.10326 0.12289 2.39239 0.22729 0.      0.71909 0.19363 0.
 1.31226 0.      0.      0.      0.      0.59389 0.24182 0.02465 0.
 0.45278 0.      0.60848 0.02775 1.13163 1.58445 0.      0.      0.
 0.      0.      0.      0.      2.64338 3.03362 0.43994 0.      0.23239
 0.43077 0.46032 0.08829 0.16521 0.31596 1.37002 0.      0.56499 0.
 0.      0.      0.      0.4332  0.3878  0.      0.      0.      0.
 0.41419 0.      0.      3.09063 0.      0.56685 1.004   0.84305 1.16567
 0.90447 1.64222 1.61183 1.05018 0.48548 0.17518 2.14681 0.      0.23756
 0.      1.27916 2.56018 2.38243 0.15163 0.07657 0.31403 0.19828 0.19054
 0.11435 0.533   2.18066 0.      0.      0.80918 0.      0.      0.46775
 0.60018 0.2489  1.70391 0.72048 4.07399 3.7863  3.3069  1.61629 1.02838
 0.31784]

[ 1  2  3  4  5  1  6  7  2  8  3  4  5  6  9 10 11  7 12  8 13 14 15 16
  9 10 11 12 13 14 15 16 17 18 17 19 20 21 22 23 24 25 18 26 19 20 21 22
 27 28 23 24 25 26 29 27 28 30 29 30 31 31 32 32 33 33 34 34 35 36 35 37
 36 37 38 38 39 39 40 40 41 42 43 44 41 42 45 43 44 45 46 46 47 47 48 48
 49 49 50 51]



[ 1.  2.  3.  4.  5.  6.  7.  8.  9. 10. 11. 12. 13. 14. 15. 16. 17. 18.
 19. 20. 21. 22. 23. 24. 25. 26. 27. 28. 29. 30. 31. 32. 33. 34. 35. 36.
 37. 38. 39. 40. 41. 42. 43. 44. 45. 46. 47. 48. 49. 50. 51.  0.  0.  0.
  0.  0.  0.  0.  0.  0.  0.  0.  0.  0.  0.  0.  0.  0.  0.  0.  0.  0.
  0.  0.  0.  0.  0.  0.  0.  0.  0.  0.  0.  0.  0.  0.  0.  0.  0.  0.
  0.  0.  0.  0.  0.  0.  0.  0.  0.  0.]

[ 2.20718  2.47248  2.57574  2.69863  5.09102  5.37061  6.0897   6.41454
  8.65509  9.24898  9.4908   9.53498 10.08803 10.69651 10.72426 11.8559
 21.47074 24.50436 25.28406 25.51644 25.94722 26.40754 26.49583 26.66103
 26.977   29.53506 31.11294 31.54614 32.48789 34.1039  36.04459 37.04858
 38.21426 39.85648 40.90666 41.08184 44.05476 46.64994 49.21012 49.36175
 49.67578 49.86632 49.98067 50.51367 53.77426 54.63834 55.23852 56.94243
 61.01642 64.32332 65.3517   0.       0.       0.       0.       0.
  0.       0.       0.       0.       0.       0.       0.       0.
  0.       0.       0.       0.       0.       0.       0.       0.
  0.       0.       0.       0.       0.       0.       0.       0.
  0.       0.       0.       0.       0.       0.       0.       0.
  0.       0.       0.       0.       0.       0.       0.       0.
  0.       0.       0.       0.     ]

[0. 1. 2. 3. 4. 4. 5. 5. 2. 3. 4. 4. 4. 5. 6. 7. 0. 1. 1. 2. 3. 4. 5. 6.
 7. 7. 4. 5. 2. 1. 0. 0. 0. 0. 0. 1. 1. 0. 0. 0. 0. 1. 2. 3. 2. 0. 0. 0.
 0. 0. 1. 0. 0. 0. 0. 0. 0. 0. 0. 0. 0. 0. 0. 0. 0. 0. 0. 0. 0. 0. 0. 0.
 0. 0. 0. 0. 0. 0. 0. 0. 0. 0. 0. 0. 0. 0. 0. 0. 0. 0. 0. 0. 0. 0. 0. 0.
 0. 0. 0. 0.]

[ 0.      -1.10145  0.53123  0.73803  3.72209  1.39025  3.55847  2.49616
  2.70981  5.6546   6.28127  6.152    1.78288  3.65689  4.17828  5.70016
  0.       2.77362 -1.9958  -1.70469 -0.86166 -0.17963  1.03724  1.29272
  1.7536   1.79285  0.30832  1.6456   4.63366 -0.49955  0.       0.
  0.       0.       0.      -0.55355  1.24602  0.       0.       0.
  0.      -1.0386  -0.08648  0.68183  0.33917  0.       0.       0.
  0.       0.       0.64294  0.       0.       0.       0.       0.
  0.       0.       0.       0.       0.       0.       0.       0.
  0.       0.       0.       0.       0.       0.       0.       0.
  0.       0.       0.       0.       0.       0.       0.       0.
  0.       0.       0.       0.       0.       0.       0.       0.
  0.       0.       0.       0.       0.       0.       0.       0.
  0.       0.       0.       0.     ]

[ 2.20718  2.38218  4.71395  6.19739  6.54778  6.12393  7.27174  8.06632
  9.4347  10.42835 10.14065 14.45759 14.72276 14.78572 15.41241 17.44984
 21.47074 21.57092 25.23364 29.21487 29.79653 29.50174 30.10453 30.80536
 31.71805 31.75367 31.98692 32.19014 31.88155 33.1672  36.04459 37.04858
 38.21426 39.85648 40.90666 42.22737 44.01976 46.64994 49.21012 49.36175
 49.67578 51.12085 50.90492 53.74568 53.56753 54.63834 55.23852 56.94243
 61.01642 64.32332  0.       0.       0.       0.       0.       0.
  0.       0.       0.       0.       0.       0.       0.       0.
  0.       0.       0.       0.       0.       0.       0.       0.
  0.       0.       0.       0.       0.       0.       0.       0.
  0.       0.       0.       0.       0.       0.       0.       0.
  0.       0.       0.       0.       0.       0.       0.       0.
  0.       0.       0.       0.     ]

[0.      2.93613 1.56938 1.52942 0.08391 0.59168 0.03554 1.44913 0.55305
 3.01199 2.3509  0.38485 0.50454 0.94611 1.26553 0.49364 0.39024 3.37338
 3.11338 0.88519 0.05873 0.41225 0.22171 1.12859 0.09027 0.14492 0.05658
 0.71193 0.90408 4.02732 0.43715 0.16095 0.2612  0.03039 0.5647  1.00129
 0.27255 1.28102 0.17775 0.07506 0.11575 1.57348 0.34434 0.83776 0.23532
 0.13243 0.35127 0.98344 0.28769 1.69061 0.      0.      0.      0.
 0.      0.      0.      0.      0.      0.      0.      0.      0.
 0.      0.      0.      0.      0.      0.      0.      0.      0.
 0.      0.      0.      0.      0.      0.      0.      0.      0.
 0.      0.      0.      0.      0.      0.      0.      0.      0.
 0.      0.      0.      0.      0.      0.      0.      0.      0.
 0.     ]

[ 0.       5.14332  6.22091  6.63169  6.71561  7.30728  7.34283  9.51033
  9.63526 12.49155 14.84244 15.2273  15.73183 16.67794 17.94348 18.43712
 18.82736 24.84412 28.16505 29.85526 29.91399 30.32624 30.54795 31.80832
 31.89859 32.04351 32.10009 32.78563 33.68971 35.04059 35.47774 36.20554
 37.30979 38.24465 40.42118 41.90794 44.08975 45.37077 46.82769 49.28518
 49.4775  51.24926 51.5936  53.80284 54.03816 54.17059 54.98961 56.22195
 57.23012 62.70703  0.       0.       0.       0.       0.       0.
  0.       0.       0.       0.       0.       0.       0.       0.
  0.       0.       0.       0.       0.       0.       0.       0.
  0.       0.       0.       0.       0.       0.       0.       0.
  0.       0.       0.       0.       0.       0.       0.       0.
  0.       0.       0.       0.       0.       0.       0.       0.
  0.       0.       0.       0.     ]



[15. 23. 14. 10. 11. 12.  7.  5.  3.  0.  0.  0.  0.  0.  0.  0.  0.  0.
  0.  0.  0.  0.  0.  0.  0.  0.  0.  0.  0.  0.  0.  0.  0.  0.  0.  0.
  0.  0.  0.  0.  0.  0.  0.  0.  0.  0.  0.  0.  0.  0.  0.  0.  0.  0.
  0.  0.  0.  0.  0.  0.  0.  0.  0.  0.  0.  0.  0.  0.  0.  0.  0.  0.
  0.  0.  0.  0.  0.  0.  0.  0.  0.  0.  0.  0.  0.  0.  0.  0.  0.  0.
  0.  0.  0.  0.  0.  0.  0.  0.  0.  0.]

[20.03841 14.63361  8.10131  3.70888  6.78254  3.11523  1.6006   5.22724
  2.14389  0.       0.       0.       0.       0.       0.       0.
  0.       0.       0.       0.       0.       0.       0.       0.
  0.       0.       0.       0.       0.       0.       0.       0.
  0.       0.       0.       0.       0.       0.       0.       0.
  0.       0.       0.       0.       0.       0.       0.       0.
  0.       0.       0.       0.       0.       0.       0.       0.
  0.       0.       0.       0.       0.       0.       0.       0.
  0.       0.       0.       0.       0.       0.       0.       0.
  0.       0.       0.       0.       0.       0.       0.       0.
  0.       0.       0.       0.       0.       0.       0.       0.
  0.       0.       0.       0.       0.       0.       0.       0.
  0.       0.       0.       0.     ]

[0.15 0.23 0.14 0.1  0.11 0.12 0.07 0.05 0.03 0.   0.   0.   0.   0.
 0.   0.   0.   0.   0.   0.   0.   0.   0.   0.   0.   0.   0.   0.
 0.   0.   0.   0.   0.   0.   0.   0.   0.   0.   0.   0.   0.   0.
 0.   0.   0.   0.   0.   0.   0.   0.   0.   0.   0.   0.   0.   0.
 0.   0.   0.   0.   0.   0.   0.   0.   0.   0.   0.   0.   0.   0.
 0.   0.   0.   0.   0.   0.   0.   0.   0.   0.   0.   0.   0.   0.
 0.   0.   0.   0.   0.   0.   0.   0.   0.   0.   0.   0.   0.   0.
 0.   0.  ]

[0.30662 0.22392 0.12396 0.05675 0.10379 0.04767 0.02449 0.07999 0.03281
 0.      0.      0.      0.      0.      0.      0.      0.      0.
 0.      0.      0.      0.      0.      0.      0.      0.      0.
 0.      0.      0.      0.      0.      0.      0.      0.      0.
 0.      0.      0.      0.      0.      0.      0.      0.      0.
 0.      0.      0.      0.      0.      0.      0.      0.      0.
 0.      0.      0.      0.      0.      0.      0.      0.      0.
 0.      0.      0.      0.      0.      0.      0.      0.      0.
 0.      0.      0.      0.      0.      0.      0.      0.      0.
 0.      0.      0.      0.      0.      0.      0.      0.      0.
 0.      0.      0.      0.      0.      0.      0.      0.      0.
 0.     ]

51

49

2.85

1.19752



0.35329

0.27285









