[3 5 1 3 2 3 3 7 0 1 3 4 4 3 1 3 4 2 0 2 3 1 1 1 2 3 1 0 3 2 2 2 2 2 1 3 0
 3 3 0 1 2 1 3 1 2 4 2 1 3 2 2 3 1 7 0 4 3 4 5 4 2 1 4 4 1 6 4 3 2 2 6 1 1
 3 2 4 3 0 4 5 1 3 0 4 4 5 3 0 2 2 2 4 1 4 2 3 2 4 4 4 3 5 3 2 3 4 3 3 0 2
 2 2 2 2 0 4 3 2 4 2 4 2 1 3 4 2 3 4 3 1 2 2 1 4 4 3 4 3 3 3 2 3 2 6 4 4 2
 1 4 1 5 2 3 1 5 0 3 1 4 2 3 2 2 2 2 5 4 3 1 2 2 6 1 1 0 2 5 0 0 3 2 3 3 2
 0 1 2 1 4 2 2 4 1 4 3 1 4 2 2]
[0, 0, 0, 0, 0, 0, 0, 0, 0, 0, 0, 0, 0, 0, 0, 0, 1, 1, 1, 1, 1, 1, 1, 1, 1, 1, 1, 1, 1, 1, 1, 1, 1, 1, 1, 1, 1, 1, 1, 1, 1, 1, 1, 1, 1, 1, 1, 1, 1, 2, 2, 2, 2, 2, 2, 2, 2, 2, 2, 2, 2, 2, 2, 2, 2, 2, 2, 2, 2, 2, 2, 2, 2, 2, 2, 2, 2, 2, 2, 2, 2, 2, 2, 2, 2, 2, 2, 2, 2, 2, 2, 2, 2, 2, 2, 2, 2, 2, 2, 2, 2, 2, 2, 3, 3, 3, 3, 3, 3, 3, 3, 3, 3, 3, 3, 3, 3, 3, 3, 3, 3, 3, 3, 3, 3, 3, 3, 3, 3, 3, 3, 3, 3, 3, 3, 3, 3, 3, 3, 3, 3, 3, 3, 3, 3, 3, 3, 3, 4, 4, 4, 4, 4, 4, 4, 4, 4, 4, 4, 4, 4, 4, 4, 4, 4, 4, 4, 4, 4, 4, 4, 4, 4, 4, 4, 4, 4, 4, 4, 4, 4, 4, 4, 4, 4, 5, 5, 5, 5, 5, 5, 5, 5, 5, 6, 6, 6, 6, 7, 7]
[0, 1, 2, 3, 4, 5, 6, 7]
[16, 33, 54, 45, 37, 9, 4, 2]
[0.08, 0.165, 0.27, 0.225, 0.185, 0.045, 0.02, 0.01]
[0, 0.08, 0.245, 0.515, 0.74, 0.925, 0.9700000000000001, 0.9900000000000001]
[0.05641543963891374, 0.18536501595643096, 0.2768438549998642, 0.24808085707780045, 0.1482041483841404, 0.06197628023336785, 0.01851239539438261, 0.003949768961695732]
[0.023584560361086263, 0.02036501595643095, 0.006843854999864174, 0.023080857077800443, 0.036795851615859604, 0.01697628023336785, 0.0014876046056173896, 0.006050231038304268]
[2.535, 2.1387750000000008, 1.4624551275167388, 2, 2, 2.0, 0.33861327399506097, -0.021768299038300132]
[2.5300000000000002, 1.9481000000000002, 1.3957435294494474, 2, 2.2600000000000002, 3, 0.3868905630628312, -0.03213387403110734]
[0.004999999999999893, 0.1906750000000006, 0.06671159806729143, 0, 0.26000000000000023, 1.0, 0.048277289067770235, 0.010365574992807207]
[0.001976284584980195, 0.09787741902366438, 0.047796458776066045, 0.0, 0.11504424778761072, 0.3333333333333333, 0.12478280339944602, -0.32257470676497846]

[ 3  1 14  3  2 12  4 17  1  4  1  3  1  1  4  1  1  6  1  7  2  1  4  2
  7  3  2  8  1  3  1  4  1  2  1  5  6  2  3  1  1  3  1  1  1 12  3  1
  2  2  5  4  6  2  2  2  4  1  4  2  3 11  3  6  2 11  1  3  3  7  5  6
  1 25  7  2  3  1  1  3  4  1  3  2  9  1  5  1  1  9  4  2  1  1  3  4
  8  1  2  4 10  1  2  6  4  1  2 12  2  6  5  1  1  2  4  4  1  7  8  2
 14  1  1  1  7  7  3  1  3  1  3  8  4  3  1  2  1  2  1  2  4  2  5  5
  1  6  1  1  4  1  1  2  4  2  1  3  3  2  6 11  5  3 12  3  4  2  3  1
  1  2  6 15  4  4 12  2  1  8  1  1  5  1  7  1  2  3 11  1  5  6  1  3
 14  3 22  2  1  4  3  9]
[1, 1, 1, 1, 1, 1, 1, 1, 1, 1, 1, 1, 1, 1, 1, 1, 1, 1, 1, 1, 1, 1, 1, 1, 1, 1, 1, 1, 1, 1, 1, 1, 1, 1, 1, 1, 1, 1, 1, 1, 1, 1, 1, 1, 1, 1, 1, 1, 1, 1, 1, 1, 1, 1, 1, 1, 1, 1, 1, 1, 2, 2, 2, 2, 2, 2, 2, 2, 2, 2, 2, 2, 2, 2, 2, 2, 2, 2, 2, 2, 2, 2, 2, 2, 2, 2, 2, 2, 2, 2, 2, 2, 2, 2, 3, 3, 3, 3, 3, 3, 3, 3, 3, 3, 3, 3, 3, 3, 3, 3, 3, 3, 3, 3, 3, 3, 3, 3, 3, 3, 3, 3, 3, 4, 4, 4, 4, 4, 4, 4, 4, 4, 4, 4, 4, 4, 4, 4, 4, 4, 4, 4, 4, 4, 4, 4, 5, 5, 5, 5, 5, 5, 5, 5, 5, 5, 6, 6, 6, 6, 6, 6, 6, 6, 6, 6, 6, 7, 7, 7, 7, 7, 7, 7, 7, 8, 8, 8, 8, 8, 9, 9, 9, 10, 11, 11, 11, 11, 12, 12, 12, 12, 12, 14, 14, 14, 15, 17, 22, 25]
[1, 2, 3, 4, 5, 6, 7, 8, 9, 10, 11, 12, 14, 15, 17, 22, 25]
[60, 34, 29, 23, 10, 11, 8, 5, 3, 1, 4, 5, 3, 1, 1, 1, 1]
[0.3, 0.17, 0.145, 0.115, 0.05, 0.055, 0.04, 0.025, 0.015, 0.005, 0.02, 0.025, 0.015, 0.005, 0.005, 0.005, 0.005]
[0, 0.3, 0.47, 0.615, 0.73, 0.78, 0.8350000000000001, 0.8750000000000001, 0.9000000000000001, 0.9150000000000001, 0.9200000000000002, 0.9400000000000002, 0.9650000000000002, 0.9800000000000002, 0.9850000000000002, 0.9900000000000002, 0.9950000000000002]
[0.23, 0.1771, 0.136367, 0.10500259, 0.08085199430000001, 0.062256035611, 0.047937147420470005, 0.0369116035137619, 0.028421934705596667, 0.021884889723309438, 0.016851365086948268, 0.012975551116950165, 0.007693204257239752, 0.00592376727807461, 0.0035122016191704367, 0.0009506771698960287, 0.0004340155004041437]
[0.06999999999999998, 0.007099999999999995, 0.008633000000000002, 0.009997409999999998, 0.030851994300000005, 0.0072560356110000016, 0.007937147420470005, 0.0119116035137619, 0.013421934705596668, 0.016884889723309437, 0.0031486349130517323, 0.012024448883049836, 0.007306795742760247, 0.00092376727807461, 0.0014877983808295634, 0.004049322830103971, 0.004565984499595856]
[3.905, 14.455975000000008, 3.8021013926511755, 1, 3.0, 3.0, 2.3362192218812234, 7.122331270777702]
[3.3478260869565215, 14.555765595463138, 3.815201907561792, 0, 2, 2.152029943116175, 2.0171022033355914, 6.068701298701299]
[0.5571739130434783, 0.09979059546312996, 0.013100514910616479, 1, 1.0, 0.8479700568838249, 0.319117018545632, 1.0536299720764024]
[0.16642857142857145, 0.006855743506492954, 0.0034337671316034533, 0.5, 0.39403264791750536, 0.15820567644907754, 0.173617042628524]

[0 1 1 0 0 0 1 1 0 1 1 1 2 2 0 0 1 2 1 0 2 1 0 0 2 0 0 2 2 1 2 2 1 1 1 0 0
 0 0 0 0 1 0 0 3 4 1 0 0 0 0 0 0 0 0 0 0 0 0 1 1 2 2 0 0 0 0 0 1 0 1 0 0 1
 0 1 1 0 2 1 0 1 0 1 2 1 0 0 1 0 1 0 2 1 0 0 0 0 0 0 0 0 0 0 1 1 0 0 1 0 1
 1 1 0 2 0 0 1 0 0 1 1 0 0 0 0 1 0 0 4 0 0 1 0 0 1 0 2 2 1 0 0 1 0 0 0 0 1
 2 0 0 0 2 0 0 0 0 0 0 0 1 0 1 0 0 1 2 1 0 1 0 1 0 1 1 1 0 3 0 0 0 0 1 0 0
 0 1 1 1 0 0 1 2 1 0 1 1 3 0 0]
[0, 0, 0, 0, 0, 0, 0, 0, 0, 0, 0, 0, 0, 0, 0, 0, 0, 0, 0, 0, 0, 0, 0, 0, 0, 0, 0, 0, 0, 0, 0, 0, 0, 0, 0, 0, 0, 0, 0, 0, 0, 0, 0, 0, 0, 0, 0, 0, 0, 0, 0, 0, 0, 0, 0, 0, 0, 0, 0, 0, 0, 0, 0, 0, 0, 0, 0, 0, 0, 0, 0, 0, 0, 0, 0, 0, 0, 0, 0, 0, 0, 0, 0, 0, 0, 0, 0, 0, 0, 0, 0, 0, 0, 0, 0, 0, 0, 0, 0, 0, 0, 0, 0, 0, 0, 0, 0, 0, 0, 0, 0, 0, 1, 1, 1, 1, 1, 1, 1, 1, 1, 1, 1, 1, 1, 1, 1, 1, 1, 1, 1, 1, 1, 1, 1, 1, 1, 1, 1, 1, 1, 1, 1, 1, 1, 1, 1, 1, 1, 1, 1, 1, 1, 1, 1, 1, 1, 1, 1, 1, 1, 1, 1, 1, 1, 1, 1, 1, 1, 1, 1, 1, 1, 1, 2, 2, 2, 2, 2, 2, 2, 2, 2, 2, 2, 2, 2, 2, 2, 2, 2, 2, 2, 2, 2, 3, 3, 3, 4, 4]
[0, 1, 2, 3, 4]
[112, 62, 21, 3, 2]
[0.56, 0.31, 0.105, 0.015, 0.01]
[0, 0.56, 0.8700000000000001, 0.9750000000000001, 0.9900000000000001]
[0.5712090638488149, 0.31987707575533636, 0.08956558121149419, 0.01671890849281225, 0.0023406471889937156]
[0.011209063848814815, 0.009877075755336362, 0.015434418788505808, 0.001718908492812251, 0.007659352811006284]
[0.605, 0.6589749999999999, 0.8117727514520303, 0, 0.0, 1.4534681108642769, 2.301649241283803]
[0.56, 0.56, 0.7483314773547883, 0, 0, 1.3363062095621219, 1.7857142857142856]
[0.04499999999999993, 0.09897499999999981, 0.06344127409724198, 0, 0.0, 0.11716190130215498, 0.5159349555695174]
[0.08035714285714272, 0.17674107142857107, 0.08477696851867705, 0, 0, 0.08767593869113753, 0.28892357511892974]

[ 5  5  8  0  0  6  8  0  1  3  2  6 10  5  7  0  2  5  0  7  0  0  0  2
  6  3 10  8  5  6  7  2  3  4  4  5  5 10  2  6  3  2  8  5  8 10  0  9
  5  6  1  0  4 10  5  3  8  7 10  0  5  3  4  2  7  7  3  5  9  9  2  6
  1  1  1  6  6  4  1  9  1  9  9 10  6 10  3  7  6  9  8  3  9  3  9  2
  7  7  4  9  4  7  8  6  4  5  2  0  3  6  4  1  2  6  9  8  1  3  0  5
 10  4  9  9  1  0  0  0  1  9  0  6  8  1  8  2  8  8  0  6  6  8  7  8
  5 10  0  9  9  7  1  1  1 10  0  6  0  9  0  7  7  9  5  5  0  0  6  5
  2  0  4  6  5  6  9  2  2  4  8 10  2  9  0  4  7  5  0  6  9  5  2  9
  4  4  7  1  8  3  5  7]
[0, 0, 0, 0, 0, 0, 0, 0, 0, 0, 0, 0, 0, 0, 0, 0, 0, 0, 0, 0, 0, 0, 0, 0, 0, 0, 0, 1, 1, 1, 1, 1, 1, 1, 1, 1, 1, 1, 1, 1, 1, 1, 1, 2, 2, 2, 2, 2, 2, 2, 2, 2, 2, 2, 2, 2, 2, 2, 2, 2, 3, 3, 3, 3, 3, 3, 3, 3, 3, 3, 3, 3, 3, 4, 4, 4, 4, 4, 4, 4, 4, 4, 4, 4, 4, 4, 4, 4, 5, 5, 5, 5, 5, 5, 5, 5, 5, 5, 5, 5, 5, 5, 5, 5, 5, 5, 5, 5, 5, 5, 6, 6, 6, 6, 6, 6, 6, 6, 6, 6, 6, 6, 6, 6, 6, 6, 6, 6, 6, 6, 6, 6, 7, 7, 7, 7, 7, 7, 7, 7, 7, 7, 7, 7, 7, 7, 7, 7, 7, 8, 8, 8, 8, 8, 8, 8, 8, 8, 8, 8, 8, 8, 8, 8, 8, 8, 9, 9, 9, 9, 9, 9, 9, 9, 9, 9, 9, 9, 9, 9, 9, 9, 9, 9, 9, 9, 9, 9, 10, 10, 10, 10, 10, 10, 10, 10, 10, 10, 10, 10]
[0, 1, 2, 3, 4, 5, 6, 7, 8, 9, 10]
[27, 16, 17, 13, 15, 22, 22, 17, 17, 22, 12]
[0.135, 0.08, 0.085, 0.065, 0.075, 0.11, 0.11, 0.085, 0.085, 0.11, 0.06]
[0, 0.135, 0.21500000000000002, 0.30000000000000004, 0.36500000000000005, 0.44000000000000006, 0.55, 0.66, 0.745, 0.83, 0.94]
[0.09090909090909091, 0.09090909090909091, 0.09090909090909091, 0.09090909090909091, 0.09090909090909091, 0.09090909090909091, 0.09090909090909091, 0.09090909090909091, 0.09090909090909091, 0.09090909090909091, 0.09090909090909091]
[0.0440909090909091, 0.01090909090909091, 0.0059090909090909055, 0.02590909090909091, 0.015909090909090914, 0.01909090909090909, 0.01909090909090909, 0.0059090909090909055, 0.0059090909090909055, 0.01909090909090909, 0.030909090909090914]
[4.82, 10.197599999999998, 3.1933681278549764, 0, 5.0, -0.05366131094645034, -1.234190632683953]
[5.0, 10.0, 3.1622776601683795, 5.0, 5.0, 0, -0.009917355371900792]
[0.17999999999999972, 0.19759999999999778, 0.031090467686596845, 5.0, 0.0, 0.05366131094645034, 1.2242732773120522]
[0.03599999999999994, 0.019759999999999778, 0.009831669140951207, 1.0, 0.0, -123.44755546229902]

[7 6 5 4 4 5 3 6 8 5 7 6 5 7 8 5 5 6 3 4 6 5 6 5 5 6 5 6 5 6 5 6 7 3 6 6 5
 6 4 6 4 6 7 4 4 6 4 4 6 5 3 5 5 5 6 5 6 6 4 5 4 7 5 4 4 8 5 5 5 6 7 5 5 5
 0 3 5 6 5 2 3 4 7 5 4 6 4 4 8 6 5 6 7 4 3 5 6 5 6 5 5 4 5 6 6 6 6 5 5 5 7
 5 7 4 5 4 6 4 7 5 5 6 5 7 6 7 6 8 7 5 6 6 6 6 6 6 4 4 7 8 5 4 5 5 6 7 3 7
 5 5 7 7 8 6 5 4 4 5 5 6 5 5 5 6 4 5 5 6 4 7 6 5 6 3 6 5 7 5 7 9 6 5 6 7 8
 5 5 6 4 4 5 5 4 5 6 7 7 6 6 5]
[0, 2, 3, 3, 3, 3, 3, 3, 3, 3, 3, 4, 4, 4, 4, 4, 4, 4, 4, 4, 4, 4, 4, 4, 4, 4, 4, 4, 4, 4, 4, 4, 4, 4, 4, 4, 4, 4, 4, 4, 4, 4, 4, 5, 5, 5, 5, 5, 5, 5, 5, 5, 5, 5, 5, 5, 5, 5, 5, 5, 5, 5, 5, 5, 5, 5, 5, 5, 5, 5, 5, 5, 5, 5, 5, 5, 5, 5, 5, 5, 5, 5, 5, 5, 5, 5, 5, 5, 5, 5, 5, 5, 5, 5, 5, 5, 5, 5, 5, 5, 5, 5, 5, 5, 5, 5, 5, 5, 5, 5, 6, 6, 6, 6, 6, 6, 6, 6, 6, 6, 6, 6, 6, 6, 6, 6, 6, 6, 6, 6, 6, 6, 6, 6, 6, 6, 6, 6, 6, 6, 6, 6, 6, 6, 6, 6, 6, 6, 6, 6, 6, 6, 6, 6, 6, 6, 6, 6, 6, 6, 6, 6, 6, 6, 6, 7, 7, 7, 7, 7, 7, 7, 7, 7, 7, 7, 7, 7, 7, 7, 7, 7, 7, 7, 7, 7, 7, 7, 7, 7, 7, 8, 8, 8, 8, 8, 8, 8, 8, 9]
[0, 2, 3, 4, 5, 6, 7, 8, 9]
[1, 1, 9, 32, 67, 55, 26, 8, 1]
[0.005, 0.005, 0.045, 0.16, 0.335, 0.275, 0.13, 0.04, 0.005]
[0, 0.005, 0.01, 0.055, 0.215, 0.55, 0.8250000000000001, 0.9550000000000001, 0.9950000000000001]
[0.000017, 0.010587, 0.063521, 0.190564, 0.304902, 0.26679, 0.127043, 0.031761, 0.00385]
[0,004983, 0,005587, 0,018251, 0,030564, 0,030098, 0,00821, 0,002957, 0,008239, 0,00115]
[5.385, 1.5967749999999903, 1.2636356278611292, 5, 5.0, 5.0, -0.23112062935741315, 1.1421122327385769]
[5.28, 1.6016, 1.26554336156451, 4, 5, 5.5, 0.004122649182006613, 0]
[0.10499999999999954, 0.004825000000009627, 0.0019077337033808206, 1, 0, 6.5, 0.23524327853941976, 1.1421122327385769]
[0.01988636363636355, 0.0030126123876183988, 0.0015074423850814657, 0.25, 0, 57.06119248907811, -]


