[1.1658, 0.03992, 1.01534, 0.07553, -0.92043, 0.70086, 0.35958, 0.39276, -1.48112, -1.2337, -1.30807, -2.14042, 0.45475, -1.31484, -0.4506, -0.69883, 1.72924, -0.71028, -0.39715, 0.81071, -0.6385, 0.40144, 0.92914, 0.6065, 1.07279, 0.74965, 1.60671, 2.28143, -0.07828, -0.1886, 0.64163, -0.45412, 0.89457, 4.23547, 1.1833, -0.13018, -0.51238, -0.61987, 0.62851, 0.23584, 3.21512, -1.08879, 1.81319, -0.34664, -0.05514, -1.39536, 0.85688, 0.71801, -0.31807, 2.36985, -0.43662, 0.18998, -0.17463, 0.46352, 0.60267, 1.0832, -0.55948, 0.15433, -1.33625, -1.15913, 1.23691, -1.02543, -0.47616, 0.99325, 1.10945, -1.32368, 0.31241, 0.45591, 0.65407, -0.53396, 1.04851, -2.02812, -2.1909, 1.68378, 0.33701, 0.15507, -0.64901, 0.23099, -1.00966, 0.80459, -1.05305, -0.13572, 0.29378, 0.01389, 0.27026, 0.82507, 1.00571, 2.0791, 0.16196, 1.2796, 0.86837, 0.11846, -0.36415, -0.20819, 0.14569, 0.67373, -1.22727, -0.8153, -0.03751, 0.92959, 0.01598, 0.13447, -0.82175, 0.95921, 1.02299, 0.89841, -1.11187, 0.47599, -0.117, -0.73716, -0.80665, -0.83037, -0.90396, -1.93622, 0.88252, 0.87349, 0.84677, 0.19989, 0.17481, -0.5227, 0.59634, 0.56526, 0.75848, -0.31772, -1.12639, 0.40775, 0.6983, 0.95638, 1.16627, 1.30625, 1.00296, 0.90736, 0.72462, 1.44972, 0.86584, -1.35144, -1.11026, 0.39271, 1.04747, -1.65366, 0.37406, -0.65462, -0.0471, 0.62038, 1.40446, 0.97301, -0.62792, -1.89807, 0.04357, 0.34359, -0.03187, 0.91351, 0.8047, 1.29796, -0.65203, 0.44832, 0.87969, -1.10788, 1.38339, -0.86818, -0.05037, -1.73752, -0.0647, -0.43745, 0.3148, -0.52213, 1.62558, 0.2308, 2.37026, 0.40379, 0.64067, -0.49419, 0.3358, 0.85429, -0.61423, 1.34232, 0.94634, 0.33478, -0.75317, 0.82504, -0.91629, -1.78466, -0.6901, 0.98902, 1.65466, 2.0217, -2.10385, -1.0686, -0.51435, -0.24632, 1.07106, -0.2019, 1.37149, 1.14914, -0.04509, 0.02509, 0.18447, 1.84519, 0.30137, 0.24753]
[-2.1909, -2.14042, -2.10385, -2.02812, -1.93622, -1.89807, -1.78466, -1.73752, -1.65366, -1.48112, -1.39536, -1.35144, -1.33625, -1.32368, -1.31484, -1.30807, -1.2337, -1.22727, -1.15913, -1.12639, -1.11187, -1.11026, -1.10788, -1.08879, -1.0686, -1.05305, -1.02543, -1.00966, -0.92043, -0.91629, -0.90396, -0.86818, -0.83037, -0.82175, -0.8153, -0.80665, -0.75317, -0.73716, -0.71028, -0.69883, -0.6901, -0.65462, -0.65203, -0.64901, -0.6385, -0.62792, -0.61987, -0.61423, -0.55948, -0.53396, -0.5227, -0.52213, -0.51435, -0.51238, -0.49419, -0.47616, -0.45412, -0.4506, -0.43745, -0.43662, -0.39715, -0.36415, -0.34664, -0.31807, -0.31772, -0.24632, -0.20819, -0.2019, -0.1886, -0.17463, -0.13572, -0.13018, -0.117, -0.07828, -0.0647, -0.05514, -0.05037, -0.0471, -0.04509, -0.03751, -0.03187, 0.01389, 0.01598, 0.02509, 0.03992, 0.04357, 0.07553, 0.11846, 0.13447, 0.14569, 0.15433, 0.15507, 0.16196, 0.17481, 0.18447, 0.18998, 0.19989, 0.2308, 0.23099, 0.23584, 0.24753, 0.27026, 0.29378, 0.30137, 0.31241, 0.3148, 0.33478, 0.3358, 0.33701, 0.34359, 0.35958, 0.37406, 0.39271, 0.39276, 0.40144, 0.40379, 0.40775, 0.44832, 0.45475, 0.45591, 0.46352, 0.47599, 0.56526, 0.59634, 0.60267, 0.6065, 0.62038, 0.62851, 0.64067, 0.64163, 0.65407, 0.67373, 0.6983, 0.70086, 0.71801, 0.72462, 0.74965, 0.75848, 0.80459, 0.8047, 0.81071, 0.82504, 0.82507, 0.84677, 0.85429, 0.85688, 0.86584, 0.86837, 0.87349, 0.87969, 0.88252, 0.89457, 0.89841, 0.90736, 0.91351, 0.92914, 0.92959, 0.94634, 0.95638, 0.95921, 0.97301, 0.98902, 0.99325, 1.00296, 1.00571, 1.01534, 1.02299, 1.04747, 1.04851, 1.07106, 1.07279, 1.0832, 1.10945, 1.14914, 1.1658, 1.16627, 1.1833, 1.23691, 1.2796, 1.29796, 1.30625, 1.34232, 1.37149, 1.38339, 1.40446, 1.44972, 1.60671, 1.62558, 1.65466, 1.68378, 1.72924, 1.81319, 1.84519, 2.0217, 2.0791, 2.28143, 2.36985, 2.37026, 3.21512, 4.23547]
[-2.1909, -1.3876, -0.58431, 0.21899, 1.02229, 1.82558, 2.62888, 3.43217, 4.23547]
[-1.78925, -0.98596, -0.18266, 0.62064, 1.42393, 2.22723, 3.03053]
[11, 37, 49, 69, 26, 6, 1, 1]
[0.055, 0.185, 0.245, 0.345, 0.13, 0.03, 0.005, 0.005]
[0.04287, 0.14463, 0.27336, 0.28977, 0.17229, 0.05741, 0.0107, 0.00111]
[0.01213, 0.04037, 0.02836, 0.05523, 0.04229, 0.02741, 0.0057, 0.00389]
[0.15564, 0.68175, 0.82568, 0.44213, 0.24168, -0.00701, 2.05813]
[0.3, 1.0609, 1.03, 0.3, 0.3, 0, 0]
[0.14436, 0.37915, 0.20432, 0.14213, 0.05832, 0.00701, 2.05813]
[0.48121, 0.35739, 0.19837, 0.47376, 0.19438]

[0.37721, 0.03169, 0.37151, 0.0769, 0.34037, 1.13088, 0.2575, 0.56454, 1.82127, 0.05064, 0.10365, 0.70715, 0.21093, 0.37443, 0.19333, 0.09039, 0.04419, 0.12236, 0.77516, 0.40823, 1.4607, 1.83618, 1.37025, 0.25452, 0.68557, 1.03029, 1.14552, 0.2294, 0.28135, 0.73949, 0.07434, 0.10757, 1.42173, 0.07836, 0.04259, 0.01033, 0.21435, 0.38462, 0.9403, 1.08397, 0.95688, 0.10289, 0.0546, 1.92442, 1.40552, 0.09963, 0.59998, 0.12916, 0.11015, 0.39198, 0.52947, 0.03863, 0.1736, 0.10894, 1.18496, 0.12376, 1.5779, 0.68347, 0.66878, 1.07169, 1.08322, 0.4471, 1.59374, 0.04513, 0.16902, 0.67763, 0.25521, 0.359, 0.34856, 0.21629, 2.68677, 1.53046, 0.24074, 0.15679, 0.18262, 0.12134, 1.59947, 1.40134, 0.83365, 1.5909, 0.00551, 0.16201, 0.19019, 0.46259, 1.81955, 0.03282, 0.98149, 0.56862, 0.49926, 0.65135, 0.0878, 0.06003, 1.27631, 0.02527, 0.12644, 0.53766, 0.44759, 0.01381, 0.75243, 0.096, 0.43248, 0.079, 0.06444, 0.08693, 0.05088, 0.62982, 0.66711, 0.00541, 0.28463, 0.1487, 0.63705, 0.19284, 0.03226, 0.38898, 1.77783, 0.3157, 0.05891, 0.54325, 0.71747, 1.06411, 0.32912, 0.34705, 0.55192, 0.01571, 0.44481, 0.43602, 0.59003, 0.24869, 0.1213, 0.16289, 0.46451, 0.59355, 0.35801, 1.29891, 0.18403, 0.15223, 2.21691, 1.21771, 0.02043, 0.00464, 0.17036, 1.13631, 0.33452, 0.09827, 2.42315, 0.94445, 0.25844, 0.36272, 0.56341, 0.19087, 0.1771, 0.26055, 0.09611, 0.48435, 0.09605, 0.57185, 0.46519, 1.0077, 0.18623, 0.2779, 0.08348, 0.01262, 0.05042, 0.47721, 0.36026, 0.74537, 0.05519, 0.49033, 1.72484, 0.15356, 0.30864, 0.19948, 1.60141, 0.00222, 0.0428, 1.12284, 0.75679, 0.30892, 0.00987, 0.91402, 0.01588, 0.1943, 0.14746, 0.35594, 1.59502, 1.02987, 0.4608, 0.60957, 0.19554, 0.74813, 0.01426, 0.11249, 1.66962, 0.44219, 0.71825, 1.16398, 0.04346, 0.45743, 0.60865, 0.14083]
[0.00222, 0.00464, 0.00541, 0.00551, 0.00987, 0.01033, 0.01262, 0.01381, 0.01426, 0.01571, 0.01588, 0.02043, 0.02527, 0.03169, 0.03226, 0.03282, 0.03863, 0.04259, 0.0428, 0.04346, 0.04419, 0.04513, 0.05042, 0.05064, 0.05088, 0.0546, 0.05519, 0.05891, 0.06003, 0.06444, 0.07434, 0.0769, 0.07836, 0.079, 0.08348, 0.08693, 0.0878, 0.09039, 0.096, 0.09605, 0.09611, 0.09827, 0.09963, 0.10289, 0.10365, 0.10757, 0.10894, 0.11015, 0.11249, 0.1213, 0.12134, 0.12236, 0.12376, 0.12644, 0.12916, 0.14083, 0.14746, 0.1487, 0.15223, 0.15356, 0.15679, 0.16201, 0.16289, 0.16902, 0.17036, 0.1736, 0.1771, 0.18262, 0.18403, 0.18623, 0.19019, 0.19087, 0.19284, 0.19333, 0.1943, 0.19554, 0.19948, 0.21093, 0.21435, 0.21629, 0.2294, 0.24074, 0.24869, 0.25452, 0.25521, 0.2575, 0.25844, 0.26055, 0.2779, 0.28135, 0.28463, 0.30864, 0.30892, 0.3157, 0.32912, 0.33452, 0.34037, 0.34705, 0.34856, 0.35594, 0.35801, 0.359, 0.36026, 0.36272, 0.37151, 0.37443, 0.37721, 0.38462, 0.38898, 0.39198, 0.40823, 0.43248, 0.43602, 0.44219, 0.44481, 0.4471, 0.44759, 0.45743, 0.4608, 0.46259, 0.46451, 0.46519, 0.47721, 0.48435, 0.49033, 0.49926, 0.52947, 0.53766, 0.54325, 0.55192, 0.56341, 0.56454, 0.56862, 0.57185, 0.59003, 0.59355, 0.59998, 0.60865, 0.60957, 0.62982, 0.63705, 0.65135, 0.66711, 0.66878, 0.67763, 0.68347, 0.68557, 0.70715, 0.71747, 0.71825, 0.73949, 0.74537, 0.74813, 0.75243, 0.75679, 0.77516, 0.83365, 0.91402, 0.9403, 0.94445, 0.95688, 0.98149, 1.0077, 1.02987, 1.03029, 1.06411, 1.07169, 1.08322, 1.08397, 1.12284, 1.13088, 1.13631, 1.14552, 1.16398, 1.18496, 1.21771, 1.27631, 1.29891, 1.37025, 1.40134, 1.40552, 1.42173, 1.4607, 1.53046, 1.5779, 1.5909, 1.59374, 1.59502, 1.59947, 1.60141, 1.66962, 1.72484, 1.77783, 1.81955, 1.82127, 1.83618, 1.92442, 2.21691, 2.42315, 2.68677]
[0, 0.33585, 0.67169, 1.00754, 1.34339, 1.67923, 2.01508, 2.35092, 2.68677]
[0.16792, 0.50377, 0.83962, 1.17546, 1.51131, 1.84715, 2.183]
[96, 48, 18, 16, 13, 6, 1, 2]
[0.48, 0.24, 0.09, 0.08, 0.065, 0.03, 0.005, 0.01]
[0.49935, 0.25, 0.12516, 0.06266, 0.03137, 0.01571, 0.00786, 0.00394]
[0.01935, 0.01, 0.03516, 0.01734, 0.03363, 0.01429, 0.00286, 0.00606]
[0.53567, 0.16115, 0.40143, 0.19453, 0.35697, 2.29475, 5.0189]
[0.48544, 0.23565, 0.48544, 0, 0.33648, 2, 6]
[0.05024, 0.0745, 0.08401, 0.19453, 0.0205, 0.29475, 0.9811]
[0.10349, 0.31616, 0.17305, 0.06091, 0.14738, 0.16352]


[4.51618699 0.64790755 5.74011625 2.40526759 4.79316093 1.02784812
 1.68066908 0.79871844 0.6361747  2.65827384 3.46122652 5.40180317
 2.56591442 2.29085725 4.60366934 3.1078256  3.49315551 3.98583485
 1.99791618 5.6336998  5.97343552 2.93144024 3.61848423 5.65852514
 4.59439356 2.6928353  3.75950254 3.92595087 5.10625727 0.46189052
 4.27802236 3.77599184 1.93278103 1.11824676 3.73949014 1.37507057
 2.81062245 3.74309365 1.76430627 4.71167585 4.02513826 4.29167788
 2.25314849 1.42468496 4.92239552 3.52072524 3.81905811 4.09598704
 5.80176547 6.1068879  1.71819193 1.89864989 3.05748625 4.46579635
 5.74956982 4.31755703 3.74665737 6.01088792 1.59529941 2.55640447
 4.09230959 1.39820799 0.74255516 4.98158064 1.98988001 1.78326428
 2.00175807 2.8674268  3.53877166 0.62853154 3.69936031 1.70682322
 2.40115204 5.6573492  3.36532661 3.60258907 3.86497724 3.89272321
 3.62259896 2.65251298 3.69958424 3.19558989 0.18079993 3.98893808
 4.91258123 3.63121636 3.27958054 1.52190929 0.17533269 0.76451969
 4.56521684 3.47247268 1.70136057 5.93382402 3.02981488 4.396709
 6.10375006 2.26584067 4.79655807 2.38918154 5.84915365 5.93756421
 0.42734824 1.3595551  0.13693963 1.15311832 3.17122465 2.67775817
 5.32926588 0.87669228 2.22690259 3.18344425 1.83922934 0.97813841
 5.29894406 1.30082122 5.98345581 1.5275875  1.75303383 0.95460735
 2.66871778 3.76357505 1.24845797 0.34443804 2.15164434 1.34362834
 0.70763544 2.5951074  0.50724922 0.39954178 1.31598472 0.81104813
 1.64007791 2.04607951 0.12562551 2.635816   5.13219524 4.68765772
 4.4281181  4.47320032 1.28255865 3.06776575 1.36023804 4.04054126
 0.12723266 3.34874262 0.85071066 5.87171663 5.83923509 0.2443579
 1.20543307 3.41301175 3.42895585 0.93057885 0.79317073 4.15512197
 4.66327568 2.80795356 0.99276796 3.54191891 1.63506764 5.51284702
 3.84306879 4.43255132 0.69026306 0.48988127 0.99017177 5.54016746
 5.43263236 1.05205469 3.5607726  2.67717782 3.75286648 5.94408415
 4.00894286 3.5598404  3.42970788 5.18887078 4.1436183  0.19922495
 2.77651253 1.39757771 3.92923259 4.49154341 0.99508954 1.40038531
 2.41583209 0.19217572 1.75065147 4.74383531 6.046757   4.65954025
 5.81203318 0.86442347 5.57319489 0.43290209 3.67384469 4.09807239
 2.42238429 3.92409016]
[0.12562551492260876, 0.1272326588196918, 0.1369396295741897, 0.17533268565879212, 0.1807999305691469, 0.1921757167092718, 0.19922495406104213, 0.24435789958973364, 0.34443804186878835, 0.3995417773692066, 0.42734823985142023, 0.4329020890151357, 0.46189051602031606, 0.48988127406484605, 0.5072492218424186, 0.628531535239479, 0.6361746981421076, 0.6479075503856279, 0.6902630579657861, 0.7076354415522476, 0.7425551559881848, 0.7645196884125206, 0.7931707333494434, 0.7987184351648705, 0.811048132234817, 0.8507106637667311, 0.86442346827153, 0.876692275639506, 0.9305788546920793, 0.9546073496588595, 0.9781384063000343, 0.9901717653170478, 0.992767961783935, 0.9950895358772692, 1.0278481166156426, 1.052054688287091, 1.1182467556776534, 1.153118323529029, 1.2054330726271774, 1.2484579728911331, 1.282558646818837, 1.3008212154995515, 1.3159847155442832, 1.3436283386544376, 1.3595550986589968, 1.3602380389897575, 1.3750705715803093, 1.3975777101672864, 1.398207992944255, 1.4003853099675103, 1.4246849631058036, 1.5219092875121407, 1.5275875048183982, 1.5952994081713032, 1.6350676382701672, 1.6400779088455586, 1.68066908371132, 1.701360573842325, 1.7068232222260717, 1.7181919302738398, 1.7506514707796978, 1.7530338313747982, 1.7643062656788473, 1.7832642822541285, 1.839229338785609, 1.8986498908953924, 1.9327810326298858, 1.9898800135065988, 1.9979161756900243, 2.0017580685950485, 2.046079510022451, 2.1516443376470162, 2.2269025853612874, 2.2531484934685, 2.2658406730212564, 2.2908572477682, 2.3891815415675968, 2.401152044373532, 2.405267589004157, 2.4158320858197246, 2.422384286776534, 2.556404467799983, 2.565914416211781, 2.595107396043554, 2.6358160002948114, 2.652512980596657, 2.658273841307581, 2.668717784784176, 2.677177824325412, 2.6777581700601427, 2.6928353019824725, 2.776512530004556, 2.807953558606706, 2.8106224456249422, 2.8674268022000646, 2.931440242786512, 3.029814884530647, 3.0574862508707166, 3.06776575268203, 3.107825604136611, 3.1712246494681198, 3.183444247937006, 3.19558988827834, 3.279580535680761, 3.34874262456642, 3.3653266087751876, 3.4130117547429895, 3.4289558467876464, 3.429707884597394, 3.4612265217230136, 3.472472681463942, 3.4931555108173145, 3.520725244369217, 3.538771657082056, 3.5419189052203004, 3.5598404007997533, 3.56077259680631, 3.6025890658399033, 3.6184842317147483, 3.622598963028352, 3.6312163624616987, 3.673844689419713, 3.699360311574848, 3.699584238184599, 3.7394901362126474, 3.743093645304036, 3.7466573687129108, 3.7528664752726737, 3.759502542199381, 3.7635750497138556, 3.7759918444216707, 3.8190581090850637, 3.8430687878151777, 3.8649772373242564, 3.8927232051271354, 3.924090156694729, 3.9259508707491255, 3.929232585775269, 3.9858348504115755, 3.9889380803560135, 4.008942857938251, 4.025138255026329, 4.040541262518161, 4.0923095856343705, 4.095987037332115, 4.098072389259218, 4.143618301255864, 4.155121974493067, 4.278022360228854, 4.29167788368445, 4.317557031823923, 4.396709002172995, 4.428118100839357, 4.432551318956099, 4.465796351565596, 4.473200322801036, 4.491543410966609, 4.516186991997199, 4.565216838242331, 4.59439355855376, 4.603669341946267, 4.6595402461291275, 4.663275676373524, 4.687657717534638, 4.711675845002831, 4.743835306041133, 4.793160932614812, 4.796558074792212, 4.9125812290668565, 4.922395516845044, 4.981580640571454, 5.106257268972576, 5.132195235230196, 5.1888707752868, 5.29894406056668, 5.329265876480405, 5.401803167875951, 5.4326323551708935, 5.512847023208698, 5.540167462105237, 5.573194892165703, 5.633699796719307, 5.657349195565742, 5.658525137804989, 5.740116246629289, 5.74956982419598, 5.80176546829411, 5.8120331764405435, 5.839235088038437, 5.849153649751552, 5.871716631227106, 5.933824017837832, 5.9375642131599005, 5.944084152326927, 5.973435517157857, 5.983455810514716, 6.010887918991185, 6.046756999572009, 6.103750055130712, 6.106887898494262]
[0.12562551492260876, 0.8732833128690654, 1.6209411108155218, 2.3685989087619785, 3.1162567067084352, 3.863914504654892, 4.611572302601348, 6.106887898494262]
[0.49945441389583706, 1.2471122118422935, 1.9947700097887502, 2.742427807735207, 3.4900856056816636, 4.23774340362812, 5.359230100547805]
[27, 27, 22, 24, 33, 28, 38]
[0.135, 0.135, 0.11, 0.12, 0.165, 0.14, 0.19]
[0.12460963299107611, 0.12460963299107605, 0.12460963299107614, 0.12460963299107608, 0.12460963299107614, 0.12460963299107608, 0.24921926598215216]
[0.0103903670089239, 0.010390367008923956, 0.014609632991076135, 0.004609632991076085, 0.04039036700892387, 0.015390367008923933, 0.05921926598215216]
[2.9717044530291292, 1.8180202771506533, 1.3483398225783636, 0.12562551492260876, 3.1395251268023654, -0.03047036620925502, 1.0158370861076156]
[3.12, 3.2448, 1.7320508075688774, 3.12, 3.12, 0, -1.2]
[0.14829554697087088, 1.4267797228493468, 0.3837109849905138, 2.9943744850773912, 0.01952512680236529, 0.03047036620925502, 2.2158370861076158]
[0.04753062402912528, 0.4397126857893697, 0.2215356404752896, 0.9597354118837792, 0.006258053462296567, -1.8465309050896799]

